Epoch	AverageEpRet	StdEpRet	MaxEpRet	MinEpRet	EpLen	AverageVVals	StdVVals	MaxVVals	MinVVals	TotalEnvInteracts	LossPi	LossV	DeltaLossPi	DeltaLossV	Entropy	KL	Time
0	32042.75	136.95871	32270.0	31910.0	1000.0	-0.064322524	0.3113816	0.36451644	-0.5761668	4000	-0.0010656262	8956925.0	0.0	-53692.0	0.9189386	-1.8477441e-09	399.03389143943787
1	31600.0	583.5238	31970.0	30590.0	1000.0	9.216626	0.30137184	9.317363	4.266872	8000	-0.04057381	8828158.0	0.0	-34500.0	0.9189385	-4.112721e-09	750.7221307754517
2	31330.0	685.01825	31990.0	30300.0	1000.0	15.238491	0.25333032	15.280236	9.751511	12000	-0.010388234	8565393.0	0.0	-31221.0	0.9187935	-1.4305115e-09	1097.1596353054047
3	31748.0	175.0757	31940.0	31511.0	1000.0	20.789066	0.10423237	20.808823	17.803005	16000	-0.047188424	8665227.0	0.0	-30630.0	0.91868865	4.768372e-10	1445.5125041007996
4	30882.5	1735.7472	32440.0	27980.0	1000.0	26.216038	0.112486795	26.230286	23.59366	20000	-0.008805567	8190813.0	0.0	-29017.5	0.9185092	2.861023e-09	1794.3947548866272
5	31425.25	523.4049	31920.0	30630.0	1000.0	31.487392	0.029637042	31.495358	30.912111	24000	0.008945229	8614121.0	0.0	-30274.0	0.91834176	-3.963709e-09	2145.1183087825775
6	31050.0	1821.3868	32530.0	27930.0	1000.0	36.84091	0.027725363	36.84664	36.33718	28000	-0.0239458	8223906.0	0.0	-28913.5	0.9182086	-1.6093255e-09	2499.031132221222
7	31685.0	547.74536	32250.0	30780.0	1000.0	42.07766	0.0151079465	42.081467	41.758617	32000	0.0145354625	8515316.0	0.0	-29732.0	0.9180831	8.940697e-11	2857.1419405937195
8	29440.25	2098.0251	31910.0	27170.0	1000.0	47.369823	0.01026032	47.37211	47.074368	36000	0.040040065	7339509.5	0.0	-25597.0	0.9179856	9.834766e-10	3209.814882040024
9	30567.75	1797.636	32570.0	27821.0	1000.0	52.315464	0.0075886915	52.31736	52.03461	40000	-0.04191322	7826024.5	0.0	-27360.5	0.91794956	-2.6822091e-09	3561.7743153572083
10	31955.0	153.21553	32220.0	31860.0	1000.0	57.40759	0.01564732	57.410072	57.137627	44000	0.0033213703	8652135.0	0.0	-30393.0	0.91787845	-2.6822092e-10	3907.944628238678
11	31022.5	770.3043	31530.0	29690.0	1000.0	62.76709	0.0036915557	62.76826	62.631477	48000	-0.0048380406	8054901.0	0.0	-28121.0	0.9178217	2.384186e-09	4256.954961299896
12	30985.0	1425.4385	32000.0	28540.0	1000.0	67.9443	0.009462166	67.94564	67.70887	52000	-0.014141983	8064723.5	0.0	-28309.5	0.9177785	4.4703485e-09	4604.897535800934
13	31525.0	622.67566	31960.0	30450.0	1000.0	73.12649	0.010856735	73.127975	72.91159	56000	-0.022823187	8298393.0	0.0	-29190.0	0.9177291	4.8279762e-09	4953.228387832642
14	31972.5	45.483513	32050.0	31940.0	1000.0	78.384346	0.007297142	78.38557	78.254555	60000	-0.027147057	8549419.0	0.0	-30040.0	0.9176713	1.192093e-09	5305.079745292664
15	29703.0	1850.2437	31880.0	27601.0	1000.0	83.71234	0.0018138499	83.71288	83.64014	64000	0.016499048	7229041.5	0.0	-25548.5	0.9176029	-7.927418e-09	5669.502042531967
16	31035.25	1562.6061	31990.0	28330.0	1000.0	88.65905	0.0032242145	88.65977	88.58981	68000	0.0037728387	7943087.5	0.0	-27808.5	0.917555	3.874302e-10	6018.556408882141
17	28217.75	474.8686	28850.0	27581.0	1000.0	93.78971	0.0023309346	93.79017	93.725174	72000	-0.04161172	6447873.0	0.0	-23262.5	0.9175138	9.119511e-09	6370.815053224564
18	32272.5	362.99966	32660.0	31900.0	1000.0	98.535126	0.0020804768	98.53572	98.49139	76000	-0.011018306	8459148.0	0.0	-29742.0	0.91744345	-1.0728837e-09	6731.142441272736
19	30962.5	1218.4493	32380.0	29660.0	1000.0	103.84006	0.0013785851	103.84046	103.79848	80000	-0.008031326	7784011.0	0.0	-27550.0	0.9173743	-1.0430813e-09	7081.070428371429
20	30637.5	502.1143	31300.0	29960.0	1000.0	108.9931	0.0009443211	108.99346	108.95331	84000	-0.04612777	7537438.5	0.0	-26747.5	0.9173055	-3.6060812e-09	7431.268607616425
21	30507.5	1881.4672	31950.0	27350.0	1000.0	114.06581	0.0014189959	114.066185	114.036285	88000	-0.017823538	7607507.0	0.0	-27049.0	0.917205	-1.013279e-09	7783.7313985824585
22	31432.5	1245.9609	32550.0	29320.0	1000.0	119.167015	0.0014232987	119.16738	119.14053	92000	-0.028915849	7927258.5	0.0	-28345.5	0.91710514	7.748604e-10	8130.77933716774
23	30970.0	1815.6128	32290.0	27840.0	1000.0	124.38519	0.0011745607	124.38548	124.36006	96000	0.025448605	7751623.0	0.0	-27685.0	0.91699076	-4.440546e-09	8478.162513017654
24	29970.0	1850.027	32290.0	27630.0	1000.0	129.55338	0.00022629059	129.55357	129.54512	100000	-0.0056157927	6984664.5	0.0	-24917.0	0.91690964	-1.8775463e-09	8825.120386600494
25	30825.0	977.4073	31980.0	29750.0	1000.0	134.47606	0.00075792335	134.47627	134.45291	104000	0.005193619	7516331.5	0.0	-26724.5	0.91683406	-2.7418139e-09	9174.23379445076
26	30495.25	1263.8306	31960.0	29200.0	1000.0	139.55585	0.00081514666	139.55606	139.5336	108000	-0.041787945	7364764.0	0.0	-26455.5	0.9167679	-3.4272671e-09	9522.33948469162
27	32125.25	208.56099	32480.0	31970.0	1000.0	144.62831	0.0010496738	144.62852	144.607	112000	0.016817551	8216720.5	0.0	-29471.5	0.91667545	-4.4703485e-10	9870.697926282883
28	31450.0	837.22754	31950.0	30000.0	1000.0	149.96156	0.0011262262	149.96179	149.94136	116000	0.012949974	7907516.0	0.0	-28500.5	0.9166053	4.142523e-09	10218.0580868721
29	29642.5	1555.2872	31950.0	27900.0	1000.0	155.22379	0.0006561175	155.22397	155.20467	120000	-0.033789974	6842533.0	0.0	-24659.0	0.916553	1.2218953e-09	10567.301587820053
30	30430.0	1548.6284	31990.0	28660.0	1000.0	160.14041	0.0003515629	160.14055	160.13376	124000	-0.00086050323	7362879.0	0.0	-26386.5	0.9164822	4.112721e-09	10917.818994045258
31	29740.0	2063.88	31880.0	27520.0	1000.0	165.20244	0.00029931488	165.20262	165.1962	128000	-0.01695758	6987149.0	0.0	-25163.0	0.91641444	-1.4901161e-09	11342.69964170456
32	30942.5	1358.8851	31950.0	28640.0	1000.0	170.17175	0.00037207143	170.17189	170.16576	132000	-0.01119167	7446274.5	0.0	-26864.5	0.91634	5.960465e-10	11863.973881721497
33	29830.0	1509.2051	31980.0	28160.0	1000.0	175.2944	0.00022588845	175.29456	175.28867	136000	-0.007597376	6836154.5	0.0	-24758.0	0.9162666	7.063151e-09	12406.112043619156
34	31387.5	599.8906	31990.0	30520.0	1000.0	180.24152	0.0001717978	180.24164	180.23834	140000	0.0032229149	7707781.5	0.0	-27861.0	0.9161971	-5.066395e-10	12934.304679632187
35	29880.0	1442.931	31930.0	28430.0	1000.0	185.4618	0.0001616476	185.46191	185.45874	144000	0.028101614	6720236.0	0.0	-24720.0	0.9161344	-6.5863137e-09	13461.119116783142
36	30275.0	1577.8229	32010.0	28430.0	1000.0	190.41992	0.00012369153	190.42001	190.41698	148000	-0.010534222	6989122.0	0.0	-25375.0	0.91610295	-1.0222197e-08	13959.197254657745
37	31160.25	1846.4426	32730.0	28010.0	1000.0	195.42853	0.00017811458	195.42863	195.4257	152000	0.014912419	7487558.0	0.0	-27429.5	0.9160646	5.7816507e-09	14639.946236848831
38	30160.0	1841.6025	31990.0	27870.0	1000.0	200.6324	0.00016299698	200.63249	200.62968	156000	0.003196106	6860921.0	0.0	-25207.5	0.91603833	-5.871058e-09	15475.697525978088
39	29432.5	1678.8444	32140.0	27530.0	1000.0	205.64937	8.857527e-05	205.64941	205.6467	160000	-0.025694158	6589971.5	0.0	-24138.0	0.9160166	7.4505807e-10	16251.555387020111
40	31475.0	1078.4596	32300.0	29620.0	1000.0	210.56128	0.00012537443	210.56136	210.55873	164000	0.022645447	7488862.0	0.0	-27434.5	0.9159766	-6.914139e-09	16968.459282398224
41	31420.0	861.19104	32470.0	30210.0	1000.0	215.77693	0.00014524853	215.77702	215.77454	168000	0.05948458	7374106.0	0.0	-27289.5	0.915958	-4.5299533e-09	17426.48262310028
42	30890.0	679.8897	31920.0	30100.0	1000.0	220.9983	0.00014280893	220.99838	220.99599	172000	0.012311447	7190369.5	0.0	-26622.5	0.9159853	1.7583371e-09	17891.27288389206
43	30350.0	1969.0353	32660.0	28260.0	1000.0	226.15797	0.00011577414	226.15805	226.15575	176000	-0.028220704	6769812.0	0.0	-25233.5	0.91601944	3.0994416e-09	18341.29451441765
44	31097.5	1475.2351	32190.0	28560.0	1000.0	231.19037	0.00010754253	231.19041	231.18819	180000	0.019142807	7218695.5	0.0	-26699.5	0.9160293	1.9073487e-09	18795.618661403656
45	30885.0	1355.5533	31990.0	28660.0	1000.0	236.35387	0.000102597915	236.35393	236.35179	184000	-0.019088535	7156851.0	0.0	-26482.0	0.91605693	-3.7252903e-09	19244.284551143646
46	31562.75	684.9362	32001.0	30380.0	1000.0	241.5083	0.0001187326	241.50832	241.50623	188000	0.033552226	7375919.5	0.0	-27254.0	0.9160623	2.9802323e-09	19708.860995531082
47	30922.5	959.5409	31950.0	29740.0	1000.0	246.73122	7.473614e-05	246.73126	246.72925	192000	0.015369726	7241662.5	0.0	-26862.0	0.91609025	8.702279e-09	20178.108653068542
48	30125.0	1935.478	32100.0	27920.0	1000.0	251.92288	7.4176394e-05	251.92294	251.92099	196000	-0.027739206	6632247.0	0.0	-24714.5	0.91612655	-5.1259996e-09	20689.618172883987
49	31147.5	845.20337	32000.0	30210.0	1000.0	256.91785	9.095825e-05	256.91788	256.916	200000	-0.013508849	7188282.5	0.0	-26626.0	0.9161373	-7.838011e-09	21140.15809416771
