0,0
5e-06,4.4835e-15
1e-05,8.1622e-14
1.5e-05,4.5073e-13
2e-05,1.485e-12
2.5e-05,3.6953e-12
3e-05,7.7436e-12
3.5e-05,1.4547e-11
4e-05,2.5447e-11
4.5e-05,4.241e-11
5e-05,6.8321e-11
5.5e-05,1.0741e-10
6e-05,1.6584e-10
6.5e-05,2.5256e-10
7e-05,3.804e-10
7.5e-05,5.6764e-10
8e-05,8.4006e-10
8.5e-05,1.2337e-09
9e-05,1.7981e-09
9.5e-05,2.6014e-09
0.0001,3.7357e-09
0.000105,5.3241e-09
0.00011,7.5306e-09
0.000115,1.057e-08
0.00012,1.4723e-08
0.000125,2.0352e-08
0.00013,2.7921e-08
0.000135,3.8018e-08
0.00014,5.1386e-08
0.000145,6.8954e-08
0.00015,9.1877e-08
0.000155,1.2158e-07
0.00016,1.5981e-07
0.000165,2.0869e-07
0.00017,2.7082e-07
0.000175,3.493e-07
0.00018,4.4785e-07
0.000185,5.7094e-07
0.00019,7.2384e-07
0.000195,9.1281e-07
0.0002,1.1452e-06
0.000205,1.4291e-06
0.00021,1.7725e-06
0.000215,2.1834e-06
0.00022,2.6696e-06
0.000225,3.2394e-06
0.00023,3.9023e-06
0.000235,4.6707e-06
0.00024,5.5609e-06
0.000245,6.5915e-06
0.00025,7.7843e-06
0.000255,9.1641e-06
0.00026,1.0759e-05
0.000265,1.2602e-05
0.00027,1.4728e-05
0.000275,1.718e-05
0.00028,2.0005e-05
0.000285,2.3255e-05
0.00029,2.6989e-05
0.000295,3.1275e-05
0.0003,3.6187e-05
0.000305,4.1808e-05
0.00031,4.8232e-05
0.000315,5.5561e-05
0.00032,6.3912e-05
0.000325,7.341e-05
0.00033,8.4198e-05
0.000335,9.6429e-05
0.00034,0.00011028
0.000345,0.00012593
0.00035,0.00014359
0.000355,0.00016349
0.00036,0.00018588
0.000365,0.00021102
0.00037,0.00023922
0.000375,0.00027079
0.00038,0.00030609
0.000385,0.00034549
0.00039,0.00038942
0.000395,0.00043831
0.0004,0.00049265
0.000405,0.00055292
0.00041,0.00061958
0.000415,0.000693
0.00042,0.00077357
0.000425,0.00086169
0.00043,0.00095778
0.000435,0.0010624
0.00044,0.0011763
0.000445,0.0013001
0.00045,0.0014347
0.000455,0.001581
0.00046,0.0017399
0.000465,0.0019124
0.00047,0.0020995
0.000475,0.0023024
0.00048,0.0025224
0.000485,0.0027606
0.00049,0.0030186
0.000495,0.0032977
0.0005,0.0035995
0.000505,0.0039257
0.00051,0.0042781
0.000515,0.0046584
0.00052,0.0050688
0.000525,0.0055112
0.00053,0.0059878
0.000535,0.0065011
0.00054,0.0070534
0.000545,0.0076474
0.00055,0.0082858
0.000555,0.0089714
0.00056,0.0097074
0.000565,0.010497
0.00057,0.011343
0.000575,0.012249
0.00058,0.01322
0.000585,0.014258
0.00059,0.015368
0.000595,0.016554
0.0006,0.01782
0.000605,0.019172
0.00061,0.020611
0.000615,0.022141
0.00062,0.023765
0.000625,0.025486
0.00063,0.027307
0.000635,0.029232
0.00064,0.031266
0.000645,0.033414
0.00065,0.035684
0.000655,0.03808
0.00066,0.040609
0.000665,0.043278
0.00067,0.046093
0.000675,0.049061
0.00068,0.05219
0.000685,0.055487
0.00069,0.058959
0.000695,0.062616
0.0007,0.066466
0.000705,0.070516
0.00071,0.074777
0.000715,0.079258
0.00072,0.083973
0.000725,0.088952
0.00073,0.094236
0.000735,0.099869
0.00074,0.1059
0.000745,0.11238
0.00075,0.11937
0.000755,0.12693
0.00076,0.13511
0.000765,0.14399
0.00077,0.15365
0.000775,0.16415
0.00078,0.17559
0.000785,0.18806
0.00079,0.20165
0.000795,0.21646
0.0008,0.23262
0.000805,0.25023
0.00081,0.26941
0.000815,0.2903
0.00082,0.31302
0.000825,0.33773
0.00083,0.36457
0.000835,0.39372
0.00084,0.42535
0.000845,0.45966
0.00085,0.49684
0.000855,0.53711
0.00086,0.58068
0.000865,0.6278
0.00087,0.67869
0.000875,0.73363
0.00088,0.79287
0.000885,0.8567
0.00089,0.92541
0.000895,0.99928
0.0009,1.0786
0.000905,1.1635
0.00091,1.2544
0.000915,1.3515
0.00092,1.4552
0.000925,1.5657
0.00093,1.6834
0.000935,1.8086
0.00094,1.9416
0.000945,2.0826
0.00095,2.2321
0.000955,2.3904
0.00096,2.5577
0.000965,2.7344
0.00097,2.9208
0.000975,3.1174
0.00098,3.3243
0.000985,3.542
0.00099,3.7709
0.000995,4.0112
0.001,4.2633
0.001005,4.5274
0.00101,4.8039
0.001015,5.0933
0.00102,5.3957
0.001025,5.7116
0.00103,6.0414
0.001035,6.3853
0.00104,6.7439
0.001045,7.1174
0.00105,7.5062
0.001055,7.9107
0.00106,8.3313
0.001065,8.7682
0.00107,9.2217
0.001075,9.6923
0.00108,10.18
0.001085,10.686
0.00109,11.21
0.001095,11.752
0.0011,12.313
0.001105,12.894
0.00111,13.493
0.001115,14.113
0.00112,14.753
0.001125,15.413
0.00113,16.094
0.001135,16.797
0.00114,17.521
0.001145,18.267
0.00115,19.035
0.001155,19.826
0.00116,20.64
0.001165,21.477
0.00117,22.338
0.001175,23.223
0.00118,24.132
0.001185,25.067
0.00119,26.026
0.001195,27.011
0.0012,28.022
0.001205,29.058
0.00121,30.121
0.001215,31.211
0.00122,32.327
0.001225,33.471
0.00123,34.642
0.001235,35.842
0.00124,37.07
0.001245,38.327
0.00125,39.613
0.001255,40.929
0.00126,42.274
0.001265,43.649
0.00127,45.055
0.001275,46.491
0.00128,47.958
0.001285,49.456
0.00129,50.986
0.001295,52.548
0.0013,54.142
0.001305,55.757
0.00131,57.377
0.001315,59
0.00132,60.624
0.001325,62.251
0.00133,63.88
0.001335,65.512
0.00134,67.148
0.001345,68.787
0.00135,70.43
0.001355,72.078
0.00136,73.731
0.001365,75.39
0.00137,77.056
0.001375,78.729
0.00138,80.41
0.001385,82.099
0.00139,83.798
0.001395,85.506
0.0014,87.225
0.001405,88.956
0.00141,90.699
0.001415,92.455
0.00142,94.225
0.001425,96.01
0.00143,97.81
0.001435,99.627
0.00144,101.46
0.001445,103.31
0.00145,105.18
0.001455,107.08
0.00146,108.99
0.001465,110.92
0.00147,112.87
0.001475,114.85
0.00148,116.85
0.001485,118.88
0.00149,120.93
0.001495,123.01
0.0015,125.11
0.001505,127.24
0.00151,129.4
0.001515,131.58
0.00152,133.8
0.001525,136.05
0.00153,138.33
0.001535,140.64
0.00154,142.98
0.001545,145.35
0.00155,147.76
0.001555,150.2
0.00156,152.68
0.001565,155.19
0.00157,157.74
0.001575,160.32
0.00158,162.94
0.001585,165.6
0.00159,168.3
0.001595,171.04
0.0016,173.82
0.001605,176.63
0.00161,179.49
0.001615,182.39
0.00162,185.33
0.001625,188.31
0.00163,191.33
0.001635,194.4
0.00164,197.51
0.001645,200.67
0.00165,203.87
0.001655,207.12
0.00166,210.41
0.001665,213.74
0.00167,217.12
0.001675,220.55
0.00168,224.03
0.001685,227.55
0.00169,231.12
0.001695,234.74
0.0017,238.41
0.001705,242.13
0.00171,245.89
0.001715,249.71
0.00172,253.57
0.001725,257.49
0.00173,261.46
0.001735,265.48
0.00174,269.55
0.001745,273.67
0.00175,277.84
0.001755,282.07
0.00176,286.35
0.001765,290.69
0.00177,295.07
0.001775,299.51
0.00178,304.01
0.001785,308.56
0.00179,313.16
0.001795,317.82
0.0018,322.54
0.001805,327.31
0.00181,332.14
0.001815,337.02
0.00182,341.96
0.001825,346.96
0.00183,352.02
0.001835,357.13
0.00184,362.3
0.001845,367.53
0.00185,372.82
0.001855,378.16
0.00186,383.57
0.001865,389.03
0.00187,394.56
0.001875,400.14
0.00188,405.78
0.001885,411.48
0.00189,417.25
0.001895,423.07
0.0019,428.96
0.001905,434.9
0.00191,440.91
0.001915,446.97
0.00192,453.1
0.001925,459.29
0.00193,465.55
0.001935,471.86
0.00194,478.24
0.001945,484.68
0.00195,491.19
0.001955,497.76
0.00196,504.39
0.001965,511.08
0.00197,517.85
0.001975,524.67
0.00198,531.56
0.001985,538.51
0.00199,545.53
0.001995,552.61
0.002,559.76
0.002005,566.97
0.00201,574.25
0.002015,581.59
0.00202,589
0.002025,596.47
0.00203,604.01
0.002035,611.62
0.00204,619.29
0.002045,627.03
0.00205,634.83
0.002055,642.71
0.00206,650.65
0.002065,658.66
0.00207,666.73
0.002075,674.87
0.00208,683.08
0.002085,691.36
0.00209,699.71
0.002095,708.12
0.0021,716.6
0.002105,725.15
0.00211,733.77
0.002115,742.45
0.00212,751.21
0.002125,760.03
0.00213,768.92
0.002135,777.88
0.00214,786.91
0.002145,796.01
0.00215,805.18
0.002155,814.42
0.00216,823.72
0.002165,833.1
0.00217,842.55
0.002175,852.07
0.00218,861.65
0.002185,871.31
0.00219,881.04
0.002195,890.84
0.0022,900.71
0.002205,910.65
0.00221,920.66
0.002215,930.74
0.00222,940.89
0.002225,951.11
0.00223,961.4
0.002235,971.77
0.00224,982.2
0.002245,992.7
0.00225,1003.3
0.002255,1013.9
0.00226,1024.6
0.002265,1035.4
0.00227,1046.3
0.002275,1057.2
0.00228,1068.2
0.002285,1079.3
0.00229,1090.5
0.002295,1101.7
0.0023,1113
0.002305,1124.4
0.00231,1135.8
0.002315,1147.3
0.00232,1158.9
0.002325,1170.5
0.00233,1182.3
0.002335,1194.1
0.00234,1205.9
0.002345,1217.9
0.00235,1229.9
0.002355,1242
0.00236,1254.1
0.002365,1266.4
0.00237,1278.7
0.002375,1291.1
0.00238,1303.5
0.002385,1316
0.00239,1328.6
0.002395,1341.3
0.0024,1354
0.002405,1366.8
0.00241,1379.7
0.002415,1392.7
0.00242,1405.7
0.002425,1418.8
0.00243,1432
0.002435,1445.3
0.00244,1458.6
0.002445,1472
0.00245,1485.4
0.002455,1499
0.00246,1512.6
0.002465,1526.3
0.00247,1540
0.002475,1553.9
0.00248,1567.8
0.002485,1581.8
0.00249,1595.8
0.002495,1609.9
0.0025,1624.1
0.002505,1638.4
0.00251,1652.7
0.002515,1667.1
0.00252,1681.6
0.002525,1696.2
0.00253,1710.8
0.002535,1725.5
0.00254,1740.3
0.002545,1755.1
0.00255,1770
0.002555,1785
0.00256,1800.1
0.002565,1815.2
0.00257,1830.4
0.002575,1845.7
0.00258,1861
0.002585,1876.5
0.00259,1891.9
0.002595,1907.5
0.0026,1923.2
0.002605,1938.9
0.00261,1954.6
0.002615,1970.5
0.00262,1986.4
0.002625,2002.4
0.00263,2018.5
0.002635,2034.6
0.00264,2050.8
0.002645,2067.1
0.00265,2083.4
0.002655,2099.9
0.00266,2116.3
0.002665,2132.9
0.00267,2149.5
0.002675,2166.2
0.00268,2183
0.002685,2199.9
0.00269,2216.8
0.002695,2233.8
0.0027,2250.8
0.002705,2267.9
0.00271,2285.1
0.002715,2302.4
0.00272,2319.7
0.002725,2337.1
0.00273,2354.6
0.002735,2372.2
0.00274,2389.8
0.002745,2407.4
0.00275,2425.2
0.002755,2443
0.00276,2460.9
0.002765,2478.9
0.00277,2496.9
0.002775,2515
0.00278,2533.1
0.002785,2551.4
0.00279,2569.7
0.002795,2588
0.0028,2606.5
0.002805,2625
0.00281,2643.5
0.002815,2662.2
0.00282,2680.9
0.002825,2699.6
0.00283,2718.5
0.002835,2737.4
0.00284,2756.3
0.002845,2775.4
0.00285,2794.5
0.002855,2813.6
0.00286,2832.9
0.002865,2852.2
0.00287,2871.5
0.002875,2891
0.00288,2910.5
0.002885,2930
0.00289,2949.7
0.002895,2969.3
0.0029,2989.1
0.002905,3008.9
0.00291,3028.8
0.002915,3048.7
0.00292,3068.8
0.002925,3088.8
0.00293,3109
0.002935,3129.2
0.00294,3149.4
0.002945,3169.8
0.00295,3190.2
0.002955,3210.6
0.00296,3231.1
0.002965,3251.7
0.00297,3272.3
0.002975,3293
0.00298,3313.8
0.002985,3334.6
0.00299,3355.5
0.002995,3376.5
0.003,3397.5
0.003005,3418.6
0.00301,3439.7
0.003015,3460.9
0.00302,3482.1
0.003025,3503.4
0.00303,3524.8
0.003035,3546.2
0.00304,3567.7
0.003045,3589.3
0.00305,3610.9
0.003055,3632.5
0.00306,3654.3
0.003065,3676.1
0.00307,3697.9
0.003075,3719.8
0.00308,3741.8
0.003085,3763.8
0.00309,3785.9
0.003095,3808
0.0031,3830.2
0.003105,3852.4
0.00311,3874.7
0.003115,3897.1
0.00312,3919.5
0.003125,3942
0.00313,3964.5
0.003135,3987.1
0.00314,4009.7
0.003145,4032.4
0.00315,4055.2
0.003155,4078
0.00316,4100.8
0.003165,4123.7
0.00317,4146.7
0.003175,4169.7
0.00318,4192.8
0.003185,4215.9
0.00319,4239.1
0.003195,4262.3
0.0032,4285.6
0.003205,4308.9
0.00321,4332.3
0.003215,4355.7
0.00322,4379.2
0.003225,4402.7
0.00323,4426.3
0.003235,4449.9
0.00324,4473.6
0.003245,4497.4
0.00325,4521.1
0.003255,4545
0.00326,4568.9
0.003265,4592.8
0.00327,4616.8
0.003275,4640.8
0.00328,4664.9
0.003285,4689
0.00329,4713.2
0.003295,4737.4
0.0033,4761.7
0.003305,4786
0.00331,4810.3
0.003315,4834.7
0.00332,4859.2
0.003325,4883.7
0.00333,4908.2
0.003335,4932.8
0.00334,4957.4
0.003345,4982.1
0.00335,5006.8
0.003355,5031.6
0.00336,5056.4
0.003365,5081.3
0.00337,5106.2
0.003375,5131.1
0.00338,5156.1
0.003385,5181.1
0.00339,5206.1
0.003395,5231.2
0.0034,5256.4
0.003405,5281.6
0.00341,5306.8
0.003415,5332
0.00342,5357.3
0.003425,5382.7
0.00343,5408.1
0.003435,5433.5
0.00344,5458.9
0.003445,5484.4
0.00345,5510
0.003455,5535.5
0.00346,5561.1
0.003465,5586.8
0.00347,5612.4
0.003475,5638.2
0.00348,5663.9
0.003485,5689.7
0.00349,5715.5
0.003495,5741.4
0.0035,5767.3
0.003505,5793.2
0.00351,5819.2
0.003515,5845.2
0.00352,5871.2
0.003525,5897.2
0.00353,5923.3
0.003535,5949.5
0.00354,5975.6
0.003545,6001.8
0.00355,6028
0.003555,6054.3
0.00356,6080.6
0.003565,6106.9
0.00357,6133.2
0.003575,6159.6
0.00358,6186
0.003585,6212.4
0.00359,6238.9
0.003595,6265.4
0.0036,6291.9
0.003605,6318.5
0.00361,6345
0.003615,6371.6
0.00362,6398.3
0.003625,6424.9
0.00363,6451.6
0.003635,6478.3
0.00364,6505.1
0.003645,6531.8
0.00365,6558.6
0.003655,6585.4
0.00366,6612.3
0.003665,6639.1
0.00367,6666
0.003675,6693
0.00368,6719.9
0.003685,6746.9
0.00369,6773.8
0.003695,6800.9
0.0037,6827.9
0.003705,6854.9
0.00371,6882
0.003715,6909.1
0.00372,6936.2
0.003725,6963.4
0.00373,6990.5
0.003735,7017.7
0.00374,7044.9
0.003745,7072.1
0.00375,7099.3
0.003755,7126.6
0.00376,7153.9
0.003765,7181.1
0.00377,7208.5
0.003775,7235.8
0.00378,7263.1
0.003785,7290.5
0.00379,7317.9
0.003795,7345.3
0.0038,7372.7
0.003805,7400.1
0.00381,7427.5
0.003815,7455
0.00382,7482.4
0.003825,7509.9
0.00383,7537.4
0.003835,7564.9
0.00384,7592.5
0.003845,7620
0.00385,7647.6
0.003855,7675.1
0.00386,7702.7
0.003865,7730.3
0.00387,7757.9
0.003875,7785.5
0.00388,7813.1
0.003885,7840.8
0.00389,7868.4
0.003895,7896
0.0039,7923.7
0.003905,7951.4
0.00391,7979
0.003915,8006.7
0.00392,8034.4
0.003925,8062.1
0.00393,8089.7
0.003935,8117.4
0.00394,8145.1
0.003945,8172.9
0.00395,8200.6
0.003955,8228.3
0.00396,8256
0.003965,8283.7
0.00397,8311.4
0.003975,8339.2
0.00398,8366.9
0.003985,8394.6
0.00399,8422.4
0.003995,8450.1
0.004,8477.9
0.004005,8505.6
0.00401,8533.3
0.004015,8561.1
0.00402,8588.8
0.004025,8616.6
0.00403,8644.3
0.004035,8672.1
0.00404,8699.8
0.004045,8727.5
0.00405,8755.3
0.004055,8783
0.00406,8810.8
0.004065,8838.5
0.00407,8866.2
0.004075,8894
0.00408,8921.7
0.004085,8949.4
0.00409,8977.1
0.004095,9004.8
0.0041,9032.6
0.004105,9060.3
0.00411,9088
0.004115,9115.6
0.00412,9143.3
0.004125,9171
0.00413,9198.7
0.004135,9226.3
0.00414,9254
0.004145,9281.6
0.00415,9309.3
0.004155,9336.9
0.00416,9364.6
0.004165,9392.2
0.00417,9419.8
0.004175,9447.4
0.00418,9475
0.004185,9502.6
0.00419,9530.1
0.004195,9557.7
0.0042,9585.3
0.004205,9612.8
0.00421,9640.3
0.004215,9667.9
0.00422,9695.4
0.004225,9722.9
0.00423,9750.3
0.004235,9777.8
0.00424,9805.3
0.004245,9832.7
0.00425,9860.1
0.004255,9887.5
0.00426,9914.9
0.004265,9942.3
0.00427,9969.7
0.004275,9997
0.00428,10024
0.004285,10052
0.00429,10079
0.004295,10106
0.0043,10133
0.004305,10161
0.00431,10188
0.004315,10215
0.00432,10242
0.004325,10269
0.00433,10297
0.004335,10324
0.00434,10351
0.004345,10378
0.00435,10405
0.004355,10432
0.00436,10459
0.004365,10486
0.00437,10513
0.004375,10540
0.00438,10567
0.004385,10594
0.00439,10621
0.004395,10648
0.0044,10675
0.004405,10701
0.00441,10728
0.004415,10755
0.00442,10782
0.004425,10809
0.00443,10835
0.004435,10862
0.00444,10889
0.004445,10915
0.00445,10942
0.004455,10968
0.00446,10995
0.004465,11021
0.00447,11048
0.004475,11074
0.00448,11101
0.004485,11127
0.00449,11153
0.004495,11178
0.0045,11203
0.004505,11227
0.00451,11250
0.004515,11273
0.00452,11296
0.004525,11318
0.00453,11340
0.004535,11361
0.00454,11382
0.004545,11403
0.00455,11423
0.004555,11442
0.00456,11462
0.004565,11481
0.00457,11500
0.004575,11518
0.00458,11536
0.004585,11554
0.00459,11571
0.004595,11588
0.0046,11605
0.004605,11622
0.00461,11638
0.004615,11654
0.00462,11670
0.004625,11686
0.00463,11701
0.004635,11716
0.00464,11731
0.004645,11746
0.00465,11761
0.004655,11775
0.00466,11789
0.004665,11803
0.00467,11817
0.004675,11831
0.00468,11845
0.004685,11858
0.00469,11872
0.004695,11885
0.0047,11898
0.004705,11911
0.00471,11924
0.004715,11936
0.00472,11949
0.004725,11961
0.00473,11974
0.004735,11986
0.00474,11998
0.004745,12010
0.00475,12022
0.004755,12034
0.00476,12046
0.004765,12058
0.00477,12070
0.004775,12081
0.00478,12093
0.004785,12105
0.00479,12116
0.004795,12128
0.0048,12139
0.004805,12150
0.00481,12162
0.004815,12173
0.00482,12184
0.004825,12195
0.00483,12206
0.004835,12217
0.00484,12229
0.004845,12240
0.00485,12251
0.004855,12262
0.00486,12273
0.004865,12284
0.00487,12295
0.004875,12305
0.00488,12316
0.004885,12327
0.00489,12338
0.004895,12349
0.0049,12360
0.004905,12371
0.00491,12382
0.004915,12392
0.00492,12403
0.004925,12414
0.00493,12425
0.004935,12436
0.00494,12446
0.004945,12457
0.00495,12468
0.004955,12479
0.00496,12490
0.004965,12501
0.00497,12511
0.004975,12522
0.00498,12533
0.004985,12544
0.00499,12555
0.004995,12566
0.005,12577
0.005005,12587
0.00501,12598
0.005015,12609
0.00502,12620
0.005025,12631
0.00503,12642
0.005035,12653
0.00504,12664
0.005045,12675
0.00505,12686
0.005055,12697
0.00506,12708
0.005065,12719
0.00507,12730
0.005075,12741
0.00508,12752
0.005085,12763
0.00509,12775
0.005095,12786
0.0051,12797
0.005105,12808
0.00511,12819
0.005115,12831
0.00512,12842
0.005125,12853
0.00513,12864
0.005135,12876
0.00514,12887
0.005145,12898
0.00515,12910
0.005155,12921
0.00516,12933
0.005165,12944
0.00517,12955
0.005175,12967
0.00518,12978
0.005185,12990
0.00519,13002
0.005195,13013
0.0052,13025
0.005205,13036
0.00521,13048
0.005215,13060
0.00522,13071
0.005225,13083
0.00523,13095
0.005235,13106
0.00524,13118
0.005245,13130
0.00525,13142
0.005255,13154
0.00526,13166
0.005265,13177
0.00527,13189
0.005275,13201
0.00528,13213
0.005285,13225
0.00529,13237
0.005295,13249
0.0053,13261
0.005305,13273
0.00531,13285
0.005315,13298
0.00532,13310
0.005325,13322
0.00533,13334
0.005335,13346
0.00534,13358
0.005345,13371
0.00535,13383
0.005355,13395
0.00536,13408
0.005365,13420
0.00537,13432
0.005375,13445
0.00538,13457
0.005385,13469
0.00539,13482
0.005395,13494
0.0054,13507
0.005405,13519
0.00541,13532
0.005415,13544
0.00542,13557
0.005425,13570
0.00543,13582
0.005435,13595
0.00544,13607
0.005445,13620
0.00545,13633
0.005455,13646
0.00546,13658
0.005465,13671
0.00547,13684
0.005475,13697
0.00548,13709
0.005485,13722
0.00549,13735
0.005495,13748
0.0055,13761
0.005505,13774
0.00551,13787
0.005515,13800
0.00552,13813
0.005525,13826
0.00553,13839
0.005535,13852
0.00554,13865
0.005545,13878
0.00555,13891
0.005555,13904
0.00556,13917
0.005565,13930
0.00557,13943
0.005575,13956
0.00558,13969
0.005585,13983
0.00559,13996
0.005595,14009
0.0056,14022
0.005605,14035
0.00561,14049
0.005615,14062
0.00562,14075
0.005625,14089
0.00563,14102
0.005635,14115
0.00564,14129
0.005645,14142
0.00565,14155
0.005655,14169
0.00566,14182
0.005665,14196
0.00567,14209
0.005675,14222
0.00568,14236
0.005685,14249
0.00569,14263
0.005695,14276
0.0057,14290
0.005705,14303
0.00571,14317
0.005715,14330
0.00572,14344
0.005725,14357
0.00573,14371
0.005735,14385
0.00574,14398
0.005745,14412
0.00575,14425
0.005755,14439
0.00576,14453
0.005765,14466
0.00577,14480
0.005775,14494
0.00578,14507
0.005785,14521
0.00579,14535
0.005795,14549
0.0058,14562
0.005805,14576
0.00581,14590
0.005815,14603
0.00582,14617
0.005825,14631
0.00583,14645
0.005835,14659
0.00584,14672
0.005845,14686
0.00585,14700
0.005855,14714
0.00586,14728
0.005865,14741
0.00587,14755
0.005875,14769
0.00588,14783
0.005885,14797
0.00589,14811
0.005895,14824
0.0059,14838
0.005905,14852
0.00591,14866
0.005915,14880
0.00592,14894
0.005925,14908
0.00593,14922
0.005935,14935
0.00594,14949
0.005945,14963
0.00595,14977
0.005955,14991
0.00596,15005
0.005965,15019
0.00597,15033
0.005975,15047
0.00598,15061
0.005985,15074
0.00599,15088
0.005995,15102
0.006,15116
0.006005,15130
0.00601,15144
0.006015,15158
0.00602,15172
0.006025,15186
0.00603,15200
0.006035,15214
0.00604,15228
0.006045,15242
0.00605,15255
0.006055,15269
0.00606,15283
0.006065,15297
0.00607,15311
0.006075,15325
0.00608,15339
0.006085,15353
0.00609,15367
0.006095,15381
0.0061,15395
0.006105,15409
0.00611,15422
0.006115,15436
0.00612,15450
0.006125,15464
0.00613,15478
0.006135,15492
0.00614,15506
0.006145,15520
0.00615,15534
0.006155,15547
0.00616,15561
0.006165,15575
0.00617,15589
0.006175,15603
0.00618,15617
0.006185,15630
0.00619,15644
0.006195,15658
0.0062,15672
0.006205,15686
0.00621,15700
0.006215,15713
0.00622,15727
0.006225,15741
0.00623,15755
0.006235,15768
0.00624,15782
0.006245,15796
0.00625,15810
0.006255,15823
0.00626,15837
0.006265,15851
0.00627,15864
0.006275,15878
0.00628,15892
0.006285,15905
0.00629,15919
0.006295,15933
0.0063,15946
0.006305,15960
0.00631,15974
0.006315,15987
0.00632,16001
0.006325,16014
0.00633,16028
0.006335,16041
0.00634,16055
0.006345,16068
0.00635,16082
0.006355,16095
0.00636,16109
0.006365,16122
0.00637,16136
0.006375,16149
0.00638,16163
0.006385,16176
0.00639,16190
0.006395,16203
0.0064,16216
0.006405,16230
0.00641,16243
0.006415,16256
0.00642,16270
0.006425,16283
0.00643,16296
0.006435,16310
0.00644,16323
0.006445,16336
0.00645,16349
0.006455,16363
0.00646,16376
0.006465,16389
0.00647,16402
0.006475,16415
0.00648,16428
0.006485,16442
0.00649,16455
0.006495,16468
0.0065,16481
0.006505,16494
0.00651,16507
0.006515,16520
0.00652,16533
0.006525,16546
0.00653,16559
0.006535,16572
0.00654,16585
0.006545,16597
0.00655,16610
0.006555,16623
0.00656,16636
0.006565,16649
0.00657,16662
0.006575,16674
0.00658,16687
0.006585,16700
0.00659,16713
0.006595,16725
0.0066,16738
0.006605,16751
0.00661,16763
0.006615,16776
0.00662,16788
0.006625,16801
0.00663,16814
0.006635,16826
0.00664,16839
0.006645,16851
0.00665,16864
0.006655,16876
0.00666,16888
0.006665,16901
0.00667,16913
0.006675,16925
0.00668,16938
0.006685,16950
0.00669,16962
0.006695,16975
0.0067,16987
0.006705,16999
0.00671,17011
0.006715,17023
0.00672,17035
0.006725,17048
0.00673,17060
0.006735,17072
0.00674,17084
0.006745,17096
0.00675,17108
0.006755,17120
0.00676,17132
0.006765,17144
0.00677,17155
0.006775,17167
0.00678,17179
0.006785,17191
0.00679,17203
0.006795,17214
0.0068,17226
0.006805,17238
0.00681,17250
0.006815,17261
0.00682,17273
0.006825,17284
0.00683,17296
0.006835,17307
0.00684,17319
0.006845,17330
0.00685,17342
0.006855,17353
0.00686,17365
0.006865,17376
0.00687,17387
0.006875,17399
0.00688,17410
0.006885,17421
0.00689,17433
0.006895,17444
0.0069,17455
0.006905,17466
0.00691,17477
0.006915,17488
0.00692,17499
0.006925,17510
0.00693,17521
0.006935,17532
0.00694,17543
0.006945,17554
0.00695,17565
0.006955,17576
0.00696,17587
0.006965,17597
0.00697,17608
0.006975,17619
0.00698,17629
0.006985,17640
0.00699,17651
0.006995,17661
0.007,17672
0.007005,17682
0.00701,17693
0.007015,17703
0.00702,17714
0.007025,17724
0.00703,17735
0.007035,17745
0.00704,17755
0.007045,17766
0.00705,17776
0.007055,17786
0.00706,17796
0.007065,17806
0.00707,17816
0.007075,17827
0.00708,17837
0.007085,17847
0.00709,17857
0.007095,17867
0.0071,17876
0.007105,17886
0.00711,17896
0.007115,17906
0.00712,17916
0.007125,17926
0.00713,17935
0.007135,17945
0.00714,17955
0.007145,17964
0.00715,17974
0.007155,17983
0.00716,17993
0.007165,18003
0.00717,18012
0.007175,18021
0.00718,18031
0.007185,18040
0.00719,18049
0.007195,18059
0.0072,18068
0.007205,18077
0.00721,18086
0.007215,18096
0.00722,18105
0.007225,18114
0.00723,18123
0.007235,18132
0.00724,18141
0.007245,18150
0.00725,18159
0.007255,18168
0.00726,18176
0.007265,18185
0.00727,18194
0.007275,18203
0.00728,18211
0.007285,18220
0.00729,18229
0.007295,18237
0.0073,18246
0.007305,18254
0.00731,18263
0.007315,18271
0.00732,18280
0.007325,18288
0.00733,18296
0.007335,18303
0.00734,18310
0.007345,18315
0.00735,18320
0.007355,18324
0.00736,18327
0.007365,18329
0.00737,18331
0.007375,18332
0.00738,18332
0.007385,18331
0.00739,18330
0.007395,18329
0.0074,18326
0.007405,18323
0.00741,18320
0.007415,18316
0.00742,18312
0.007425,18307
0.00743,18301
0.007435,18295
0.00744,18289
0.007445,18282
0.00745,18275
0.007455,18267
0.00746,18259
0.007465,18251
0.00747,18242
0.007475,18233
0.00748,18223
0.007485,18213
0.00749,18203
0.007495,18193
0.0075,18182
0.007505,18171
0.00751,18160
0.007515,18148
0.00752,18136
0.007525,18124
0.00753,18112
0.007535,18099
0.00754,18087
0.007545,18074
0.00755,18060
0.007555,18047
0.00756,18034
0.007565,18020
0.00757,18006
0.007575,17992
0.00758,17978
0.007585,17963
0.00759,17949
0.007595,17934
0.0076,17919
0.007605,17904
0.00761,17889
0.007615,17874
0.00762,17859
0.007625,17843
0.00763,17828
0.007635,17812
0.00764,17797
0.007645,17781
0.00765,17765
0.007655,17749
0.00766,17733
0.007665,17717
0.00767,17701
0.007675,17685
0.00768,17668
0.007685,17652
0.00769,17636
0.007695,17619
0.0077,17603
0.007705,17587
0.00771,17570
0.007715,17553
0.00772,17537
0.007725,17520
0.00773,17504
0.007735,17487
0.00774,17470
0.007745,17454
0.00775,17437
0.007755,17420
0.00776,17403
0.007765,17387
0.00777,17370
0.007775,17353
0.00778,17337
0.007785,17320
0.00779,17303
0.007795,17286
0.0078,17270
0.007805,17253
0.00781,17236
0.007815,17220
0.00782,17203
0.007825,17186
0.00783,17170
0.007835,17153
0.00784,17136
0.007845,17120
0.00785,17103
0.007855,17087
0.00786,17070
0.007865,17054
0.00787,17038
0.007875,17021
0.00788,17005
0.007885,16988
0.00789,16972
0.007895,16956
0.0079,16940
0.007905,16924
0.00791,16907
0.007915,16891
0.00792,16875
0.007925,16859
0.00793,16843
0.007935,16828
0.00794,16812
0.007945,16796
0.00795,16780
0.007955,16764
0.00796,16749
0.007965,16733
0.00797,16718
0.007975,16702
0.00798,16687
0.007985,16671
0.00799,16656
0.007995,16641
0.008,16625
0.008005,16610
0.00801,16595
0.008015,16580
0.00802,16565
0.008025,16550
0.00803,16535
0.008035,16521
0.00804,16506
0.008045,16491
0.00805,16477
0.008055,16462
0.00806,16448
0.008065,16433
0.00807,16419
0.008075,16405
0.00808,16391
0.008085,16376
0.00809,16362
0.008095,16348
0.0081,16334
0.008105,16321
0.00811,16307
0.008115,16293
0.00812,16280
0.008125,16266
0.00813,16253
0.008135,16239
0.00814,16226
0.008145,16213
0.00815,16199
0.008155,16186
0.00816,16173
0.008165,16160
0.00817,16147
0.008175,16135
0.00818,16122
0.008185,16109
0.00819,16097
0.008195,16084
0.0082,16072
0.008205,16060
0.00821,16047
0.008215,16035
0.00822,16023
0.008225,16011
0.00823,15999
0.008235,15987
0.00824,15976
0.008245,15964
0.00825,15952
0.008255,15941
0.00826,15930
0.008265,15918
0.00827,15907
0.008275,15896
0.00828,15885
0.008285,15874
0.00829,15863
0.008295,15852
0.0083,15841
0.008305,15831
0.00831,15820
0.008315,15810
0.00832,15799
0.008325,15789
0.00833,15779
0.008335,15769
0.00834,15759
0.008345,15749
0.00835,15739
0.008355,15729
0.00836,15719
0.008365,15710
0.00837,15700
0.008375,15691
0.00838,15682
0.008385,15672
0.00839,15663
0.008395,15654
0.0084,15645
0.008405,15636
0.00841,15628
0.008415,15619
0.00842,15610
0.008425,15602
0.00843,15593
0.008435,15585
0.00844,15577
0.008445,15569
0.00845,15561
0.008455,15553
0.00846,15545
0.008465,15537
0.00847,15530
0.008475,15522
0.00848,15515
0.008485,15507
0.00849,15500
0.008495,15493
0.0085,15486
0.008505,15479
0.00851,15472
0.008515,15465
0.00852,15458
0.008525,15452
0.00853,15445
0.008535,15439
0.00854,15432
0.008545,15426
0.00855,15420
0.008555,15414
0.00856,15408
0.008565,15402
0.00857,15396
0.008575,15391
0.00858,15385
0.008585,15380
0.00859,15374
0.008595,15369
0.0086,15364
0.008605,15359
0.00861,15354
0.008615,15349
0.00862,15344
0.008625,15339
0.00863,15335
0.008635,15330
0.00864,15326
0.008645,15321
0.00865,15317
0.008655,15313
0.00866,15309
0.008665,15305
0.00867,15301
0.008675,15297
0.00868,15294
0.008685,15290
0.00869,15287
0.008695,15283
0.0087,15280
0.008705,15277
0.00871,15274
0.008715,15271
0.00872,15268
0.008725,15265
0.00873,15263
0.008735,15260
0.00874,15258
0.008745,15255
0.00875,15253
0.008755,15251
0.00876,15249
0.008765,15247
0.00877,15245
0.008775,15243
0.00878,15241
0.008785,15240
0.00879,15238
0.008795,15237
0.0088,15235
0.008805,15234
0.00881,15233
0.008815,15232
0.00882,15231
0.008825,15230
0.00883,15229
0.008835,15229
0.00884,15228
0.008845,15228
0.00885,15227
0.008855,15227
0.00886,15227
0.008865,15227
0.00887,15227
0.008875,15227
0.00888,15227
0.008885,15228
0.00889,15228
0.008895,15228
0.0089,15229
0.008905,15230
0.00891,15231
0.008915,15231
0.00892,15232
0.008925,15233
0.00893,15235
0.008935,15236
0.00894,15237
0.008945,15239
0.00895,15240
0.008955,15242
0.00896,15244
0.008965,15245
0.00897,15247
0.008975,15249
0.00898,15251
0.008985,15254
0.00899,15256
0.008995,15258
0.009,15261
0.009005,15263
0.00901,15266
0.009015,15269
0.00902,15271
0.009025,15274
0.00903,15277
0.009035,15281
0.00904,15284
0.009045,15287
0.00905,15290
0.009055,15294
0.00906,15297
0.009065,15301
0.00907,15305
0.009075,15309
0.00908,15313
0.009085,15317
0.00909,15321
0.009095,15325
0.0091,15329
0.009105,15334
0.00911,15338
0.009115,15343
0.00912,15347
0.009125,15352
0.00913,15357
0.009135,15362
0.00914,15367
0.009145,15372
0.00915,15377
0.009155,15382
0.00916,15387
0.009165,15393
0.00917,15398
0.009175,15404
0.00918,15410
0.009185,15415
0.00919,15421
0.009195,15427
0.0092,15433
0.009205,15439
0.00921,15445
0.009215,15452
0.00922,15458
0.009225,15465
0.00923,15471
0.009235,15478
0.00924,15484
0.009245,15491
0.00925,15498
0.009255,15505
0.00926,15512
0.009265,15519
0.00927,15526
0.009275,15533
0.00928,15541
0.009285,15548
0.00929,15556
0.009295,15563
0.0093,15571
0.009305,15579
0.00931,15587
0.009315,15594
0.00932,15602
0.009325,15610
0.00933,15619
0.009335,15627
0.00934,15635
0.009345,15643
0.00935,15652
0.009355,15660
0.00936,15669
0.009365,15678
0.00937,15686
0.009375,15695
0.00938,15704
0.009385,15713
0.00939,15722
0.009395,15731
0.0094,15741
0.009405,15750
0.00941,15759
0.009415,15769
0.00942,15778
0.009425,15788
0.00943,15797
0.009435,15807
0.00944,15817
0.009445,15827
0.00945,15837
0.009455,15847
0.00946,15857
0.009465,15867
0.00947,15877
0.009475,15887
0.00948,15898
0.009485,15908
0.00949,15918
0.009495,15929
0.0095,15940
0.009505,15950
0.00951,15961
0.009515,15972
0.00952,15983
0.009525,15994
0.00953,16005
0.009535,16016
0.00954,16027
0.009545,16038
0.00955,16049
0.009555,16061
0.00956,16072
0.009565,16084
0.00957,16095
0.009575,16107
0.00958,16118
0.009585,16130
0.00959,16142
0.009595,16154
0.0096,16165
0.009605,16177
0.00961,16189
0.009615,16201
0.00962,16214
0.009625,16226
0.00963,16238
0.009635,16250
0.00964,16263
0.009645,16275
0.00965,16288
0.009655,16300
0.00966,16313
0.009665,16325
0.00967,16338
0.009675,16351
0.00968,16364
0.009685,16376
0.00969,16389
0.009695,16402
0.0097,16415
0.009705,16429
0.00971,16442
0.009715,16455
0.00972,16468
0.009725,16481
0.00973,16495
0.009735,16508
0.00974,16522
0.009745,16535
0.00975,16549
0.009755,16562
0.00976,16576
0.009765,16590
0.00977,16603
0.009775,16617
0.00978,16631
0.009785,16645
0.00979,16659
0.009795,16673
0.0098,16687
0.009805,16701
0.00981,16715
0.009815,16729
0.00982,16743
0.009825,16758
0.00983,16772
0.009835,16786
0.00984,16800
0.009845,16815
0.00985,16829
0.009855,16844
0.00986,16858
0.009865,16873
0.00987,16888
0.009875,16902
0.00988,16917
0.009885,16932
0.00989,16946
0.009895,16961
0.0099,16976
0.009905,16991
0.00991,17006
0.009915,17021
0.00992,17036
0.009925,17051
0.00993,17066
0.009935,17081
0.00994,17096
0.009945,17111
0.00995,17126
0.009955,17142
0.00996,17157
0.009965,17172
0.00997,17188
0.009975,17203
0.00998,17218
0.009985,17234
0.00999,17249
0.009995,17265
0.01,17280
0.010005,17296
0.01001,17312
0.010015,17327
0.01002,17343
0.010025,17359
0.01003,17374
0.010035,17390
0.01004,17406
0.010045,17421
0.01005,17437
0.010055,17453
0.01006,17469
0.010065,17485
0.01007,17501
0.010075,17517
0.01008,17533
0.010085,17549
0.01009,17565
0.010095,17581
0.0101,17597
0.010105,17613
0.01011,17629
0.010115,17645
0.01012,17661
0.010125,17677
0.01013,17693
0.010135,17710
0.01014,17726
0.010145,17742
0.01015,17758
0.010155,17774
0.01016,17791
0.010165,17807
0.01017,17823
0.010175,17840
0.01018,17856
0.010185,17872
0.01019,17889
0.010195,17905
0.0102,17922
0.010205,17938
0.01021,17954
0.010215,17971
0.01022,17987
0.010225,18004
0.01023,18020
0.010235,18037
0.01024,18053
0.010245,18070
0.01025,18086
0.010255,18103
0.01026,18119
0.010265,18136
0.01027,18152
0.010275,18169
0.01028,18186
0.010285,18202
0.01029,18219
0.010295,18235
0.0103,18252
0.010305,18269
0.01031,18285
0.010315,18302
0.01032,18318
0.010325,18335
0.01033,18352
0.010335,18368
0.01034,18385
0.010345,18402
0.01035,18418
0.010355,18435
0.01036,18452
0.010365,18468
0.01037,18485
0.010375,18502
0.01038,18518
0.010385,18535
0.01039,18552
0.010395,18568
0.0104,18585
0.010405,18602
0.01041,18618
0.010415,18635
0.01042,18652
0.010425,18668
0.01043,18685
0.010435,18702
0.01044,18718
0.010445,18735
0.01045,18752
0.010455,18768
0.01046,18785
0.010465,18801
0.01047,18818
0.010475,18835
0.01048,18851
0.010485,18868
0.01049,18885
0.010495,18901
0.0105,18918
0.010505,18934
0.01051,18951
0.010515,18968
0.01052,18984
0.010525,19001
0.01053,19017
0.010535,19034
0.01054,19050
0.010545,19067
0.01055,19083
0.010555,19100
0.01056,19116
0.010565,19133
0.01057,19149
0.010575,19166
0.01058,19182
0.010585,19199
0.01059,19215
0.010595,19231
0.0106,19248
0.010605,19264
0.01061,19281
0.010615,19297
0.01062,19313
0.010625,19330
0.01063,19346
0.010635,19362
0.01064,19378
0.010645,19395
0.01065,19411
0.010655,19427
0.01066,19443
0.010665,19460
0.01067,19476
0.010675,19492
0.01068,19508
0.010685,19524
0.01069,19540
0.010695,19556
0.0107,19572
0.010705,19588
0.01071,19604
0.010715,19620
0.01072,19636
0.010725,19652
0.01073,19668
0.010735,19684
0.01074,19700
0.010745,19716
0.01075,19732
0.010755,19748
0.01076,19763
0.010765,19779
0.01077,19795
0.010775,19811
0.01078,19826
0.010785,19842
0.01079,19858
0.010795,19873
0.0108,19889
0.010805,19905
0.01081,19920
0.010815,19936
0.01082,19951
0.010825,19967
0.01083,19982
0.010835,19998
0.01084,20013
0.010845,20028
0.01085,20042
0.010855,20055
0.01086,20068
0.010865,20079
0.01087,20089
0.010875,20099
0.01088,20108
0.010885,20116
0.01089,20123
0.010895,20130
0.0109,20136
0.010905,20141
0.01091,20145
0.010915,20149
0.01092,20153
0.010925,20155
0.01093,20158
0.010935,20159
0.01094,20160
0.010945,20161
0.01095,20161
0.010955,20161
0.01096,20160
0.010965,20159
0.01097,20157
0.010975,20155
0.01098,20153
0.010985,20150
0.01099,20147
0.010995,20143
0.011,20139
0.011005,20135
0.01101,20131
0.011015,20126
0.01102,20121
0.011025,20116
0.01103,20111
0.011035,20105
0.01104,20099
0.011045,20093
0.01105,20087
0.011055,20080
0.01106,20073
0.011065,20067
0.01107,20060
0.011075,20052
0.01108,20045
0.011085,20038
0.01109,20030
0.011095,20022
0.0111,20015
0.011105,20007
0.01111,19999
0.011115,19990
0.01112,19982
0.011125,19974
0.01113,19966
0.011135,19957
0.01114,19949
0.011145,19940
0.01115,19932
0.011155,19923
0.01116,19914
0.011165,19906
0.01117,19897
0.011175,19888
0.01118,19879
0.011185,19871
0.01119,19862
0.011195,19853
0.0112,19844
0.011205,19835
0.01121,19827
0.011215,19818
0.01122,19809
0.011225,19800
0.01123,19792
0.011235,19783
0.01124,19774
0.011245,19765
0.01125,19757
0.011255,19748
0.01126,19740
0.011265,19731
0.01127,19723
0.011275,19715
0.01128,19706
0.011285,19698
0.01129,19690
0.011295,19682
0.0113,19673
0.011305,19665
0.01131,19657
0.011315,19650
0.01132,19642
0.011325,19634
0.01133,19626
0.011335,19619
0.01134,19611
0.011345,19604
0.01135,19596
0.011355,19589
0.01136,19582
0.011365,19575
0.01137,19568
0.011375,19561
0.01138,19554
0.011385,19547
0.01139,19540
0.011395,19534
0.0114,19527
0.011405,19521
0.01141,19515
0.011415,19509
0.01142,19503
0.011425,19497
0.01143,19491
0.011435,19485
0.01144,19479
0.011445,19474
0.01145,19468
0.011455,19463
0.01146,19458
0.011465,19453
0.01147,19448
0.011475,19443
0.01148,19438
0.011485,19433
0.01149,19429
0.011495,19424
0.0115,19420
0.011505,19416
0.01151,19412
0.011515,19408
0.01152,19404
0.011525,19400
0.01153,19397
0.011535,19393
0.01154,19390
0.011545,19387
0.01155,19384
0.011555,19381
0.01156,19378
0.011565,19375
0.01157,19372
0.011575,19370
0.01158,19368
0.011585,19365
0.01159,19363
0.011595,19361
0.0116,19360
0.011605,19358
0.01161,19356
0.011615,19355
0.01162,19353
0.011625,19352
0.01163,19351
0.011635,19350
0.01164,19349
0.011645,19349
0.01165,19348
0.011655,19348
0.01166,19348
0.011665,19347
0.01167,19347
0.011675,19348
0.01168,19348
0.011685,19348
0.01169,19349
0.011695,19349
0.0117,19350
0.011705,19351
0.01171,19352
0.011715,19353
0.01172,19355
0.011725,19356
0.01173,19358
0.011735,19360
0.01174,19361
0.011745,19363
0.01175,19366
0.011755,19368
0.01176,19370
0.011765,19373
0.01177,19376
0.011775,19378
0.01178,19381
0.011785,19385
0.01179,19388
0.011795,19391
0.0118,19395
0.011805,19398
0.01181,19402
0.011815,19406
0.01182,19410
0.011825,19414
0.01183,19419
0.011835,19423
0.01184,19428
0.011845,19432
0.01185,19437
0.011855,19442
0.01186,19448
0.011865,19453
0.01187,19458
0.011875,19464
0.01188,19470
0.011885,19475
0.01189,19481
0.011895,19488
0.0119,19494
0.011905,19500
0.01191,19507
0.011915,19513
0.01192,19520
0.011925,19527
0.01193,19534
0.011935,19542
0.01194,19549
0.011945,19556
0.01195,19564
0.011955,19572
0.01196,19580
0.011965,19588
0.01197,19596
0.011975,19604
0.01198,19613
0.011985,19621
0.01199,19630
0.011995,19639
0.012,19648
0.012005,19657
0.01201,19666
0.012015,19676
0.01202,19685
0.012025,19695
0.01203,19705
0.012035,19715
0.01204,19725
0.012045,19735
0.01205,19745
0.012055,19756
0.01206,19766
0.012065,19777
0.01207,19788
0.012075,19799
0.01208,19810
0.012085,19821
0.01209,19833
0.012095,19844
0.0121,19856
0.012105,19868
0.01211,19879
0.012115,19892
0.01212,19904
0.012125,19916
0.01213,19928
0.012135,19941
0.01214,19954
0.012145,19967
0.01215,19979
0.012155,19993
0.01216,20006
0.012165,20019
0.01217,20033
0.012175,20046
0.01218,20060
0.012185,20074
0.01219,20088
0.012195,20102
0.0122,20116
0.012205,20130
0.01221,20145
0.012215,20159
0.01222,20174
0.012225,20189
0.01223,20204
0.012235,20219
0.01224,20234
0.012245,20250
0.01225,20265
0.012255,20281
0.01226,20297
0.012265,20312
0.01227,20328
0.012275,20344
0.01228,20361
0.012285,20377
0.01229,20393
0.012295,20410
0.0123,20427
0.012305,20444
0.01231,20461
0.012315,20478
0.01232,20495
0.012325,20512
0.01233,20529
0.012335,20547
0.01234,20565
0.012345,20582
0.01235,20600
0.012355,20618
0.01236,20636
0.012365,20655
0.01237,20673
0.012375,20691
0.01238,20710
0.012385,20729
0.01239,20747
0.012395,20766
0.0124,20785
0.012405,20805
0.01241,20824
0.012415,20843
0.01242,20863
0.012425,20882
0.01243,20902
0.012435,20922
0.01244,20942
0.012445,20962
0.01245,20982
0.012455,21002
0.01246,21022
0.012465,21043
0.01247,21063
0.012475,21084
0.01248,21105
0.012485,21126
0.01249,21146
0.012495,21168
0.0125,21189
0.012505,21210
0.01251,21231
0.012515,21253
0.01252,21274
0.012525,21296
0.01253,21318
0.012535,21340
0.01254,21362
0.012545,21384
0.01255,21406
0.012555,21428
0.01256,21451
0.012565,21473
0.01257,21496
0.012575,21518
0.01258,21541
0.012585,21564
0.01259,21587
0.012595,21610
0.0126,21633
0.012605,21656
0.01261,21680
0.012615,21703
0.01262,21726
0.012625,21750
0.01263,21774
0.012635,21798
0.01264,21821
0.012645,21845
0.01265,21869
0.012655,21894
0.01266,21918
0.012665,21942
0.01267,21966
0.012675,21991
0.01268,22015
0.012685,22040
0.01269,22065
0.012695,22090
0.0127,22115
0.012705,22140
0.01271,22165
0.012715,22190
0.01272,22215
0.012725,22240
0.01273,22266
0.012735,22291
0.01274,22317
0.012745,22342
0.01275,22368
0.012755,22394
0.01276,22420
0.012765,22446
0.01277,22472
0.012775,22498
0.01278,22524
0.012785,22550
0.01279,22577
0.012795,22603
0.0128,22630
0.012805,22656
0.01281,22683
0.012815,22709
0.01282,22736
0.012825,22763
0.01283,22790
0.012835,22817
0.01284,22844
0.012845,22871
0.01285,22898
0.012855,22925
0.01286,22953
0.012865,22980
0.01287,23007
0.012875,23035
0.01288,23063
0.012885,23090
0.01289,23118
0.012895,23146
0.0129,23173
0.012905,23201
0.01291,23229
0.012915,23257
0.01292,23285
0.012925,23313
0.01293,23341
0.012935,23370
0.01294,23398
0.012945,23426
0.01295,23455
0.012955,23483
0.01296,23512
0.012965,23540
0.01297,23569
0.012975,23597
0.01298,23626
0.012985,23655
0.01299,23684
0.012995,23713
0.013,23742
0.013005,23771
0.01301,23800
0.013015,23829
0.01302,23858
0.013025,23887
0.01303,23916
0.013035,23945
0.01304,23975
0.013045,24004
0.01305,24033
0.013055,24063
0.01306,24092
0.013065,24122
0.01307,24152
0.013075,24181
0.01308,24211
0.013085,24240
0.01309,24270
0.013095,24300
0.0131,24330
0.013105,24360
0.01311,24389
0.013115,24419
0.01312,24449
0.013125,24479
0.01313,24509
0.013135,24539
0.01314,24570
0.013145,24600
0.01315,24630
0.013155,24660
0.01316,24690
0.013165,24720
0.01317,24751
0.013175,24781
0.01318,24811
0.013185,24842
0.01319,24872
0.013195,24903
0.0132,24933
0.013205,24964
0.01321,24994
0.013215,25025
0.01322,25055
0.013225,25086
0.01323,25116
0.013235,25147
0.01324,25178
0.013245,25208
0.01325,25239
0.013255,25270
0.01326,25300
0.013265,25331
0.01327,25362
0.013275,25393
0.01328,25423
0.013285,25454
0.01329,25485
0.013295,25516
0.0133,25547
0.013305,25578
0.01331,25609
0.013315,25640
0.01332,25671
0.013325,25701
0.01333,25732
0.013335,25763
0.01334,25794
0.013345,25825
0.01335,25856
0.013355,25887
0.01336,25918
0.013365,25950
0.01337,25981
0.013375,26012
0.01338,26043
0.013385,26074
0.01339,26105
0.013395,26136
0.0134,26167
0.013405,26198
0.01341,26229
0.013415,26260
0.01342,26292
0.013425,26323
0.01343,26354
0.013435,26385
0.01344,26416
0.013445,26447
0.01345,26478
0.013455,26509
0.01346,26541
0.013465,26572
0.01347,26603
0.013475,26634
0.01348,26665
0.013485,26696
0.01349,26727
0.013495,26759
0.0135,26790
0.013505,26821
0.01351,26852
0.013515,26883
0.01352,26914
0.013525,26945
0.01353,26976
0.013535,27008
0.01354,27039
0.013545,27070
0.01355,27101
0.013555,27132
0.01356,27163
0.013565,27194
0.01357,27225
0.013575,27256
0.01358,27287
0.013585,27318
0.01359,27349
0.013595,27380
0.0136,27411
0.013605,27442
0.01361,27473
0.013615,27504
0.01362,27535
0.013625,27566
0.01363,27597
0.013635,27628
0.01364,27659
0.013645,27690
0.01365,27721
0.013655,27751
0.01366,27782
0.013665,27813
0.01367,27844
0.013675,27875
0.01368,27905
0.013685,27936
0.01369,27967
0.013695,27998
0.0137,28028
0.013705,28059
0.01371,28090
0.013715,28120
0.01372,28151
0.013725,28181
0.01373,28212
0.013735,28243
0.01374,28273
0.013745,28304
0.01375,28334
0.013755,28365
0.01376,28395
0.013765,28425
0.01377,28456
0.013775,28486
0.01378,28516
0.013785,28547
0.01379,28577
0.013795,28607
0.0138,28638
0.013805,28668
0.01381,28698
0.013815,28728
0.01382,28758
0.013825,28788
0.01383,28818
0.013835,28848
0.01384,28879
0.013845,28909
0.01385,28938
0.013855,28968
0.01386,28998
0.013865,29028
0.01387,29058
0.013875,29088
0.01388,29118
0.013885,29148
0.01389,29177
0.013895,29207
0.0139,29237
0.013905,29266
0.01391,29296
0.013915,29326
0.01392,29355
0.013925,29385
0.01393,29414
0.013935,29444
0.01394,29473
0.013945,29502
0.01395,29532
0.013955,29561
0.01396,29590
0.013965,29620
0.01397,29649
0.013975,29678
0.01398,29707
0.013985,29736
0.01399,29766
0.013995,29795
0.014,29824
0.014005,29853
0.01401,29882
0.014015,29911
0.01402,29939
0.014025,29968
0.01403,29997
0.014035,30026
0.01404,30055
0.014045,30083
0.01405,30112
0.014055,30141
0.01406,30169
0.014065,30198
0.01407,30225
0.014075,30252
0.01408,30278
0.014085,30302
0.01409,30327
0.014095,30350
0.0141,30373
0.014105,30395
0.01411,30416
0.014115,30436
0.01412,30456
0.014125,30476
0.01413,30494
0.014135,30512
0.01414,30530
0.014145,30547
0.01415,30564
0.014155,30580
0.01416,30595
0.014165,30610
0.01417,30625
0.014175,30639
0.01418,30653
0.014185,30666
0.01419,30679
0.014195,30692
0.0142,30704
0.014205,30716
0.01421,30727
0.014215,30739
0.01422,30750
0.014225,30760
0.01423,30771
0.014235,30781
0.01424,30791
0.014245,30800
0.01425,30810
0.014255,30819
0.01426,30828
0.014265,30837
0.01427,30845
0.014275,30853
0.01428,30862
0.014285,30870
0.01429,30877
0.014295,30885
0.0143,30893
0.014305,30900
0.01431,30907
0.014315,30914
0.01432,30921
0.014325,30928
0.01433,30935
0.014335,30942
0.01434,30949
0.014345,30955
0.01435,30962
0.014355,30968
0.01436,30974
0.014365,30980
0.01437,30987
0.014375,30993
0.01438,30999
0.014385,31005
0.01439,31011
0.014395,31017
0.0144,31023
0.014405,31029
0.01441,31035
0.014415,31041
0.01442,31046
0.014425,31052
0.01443,31058
0.014435,31064
0.01444,31070
0.014445,31076
0.01445,31082
0.014455,31088
0.01446,31093
0.014465,31099
0.01447,31105
0.014475,31111
0.01448,31117
0.014485,31123
0.01449,31129
0.014495,31135
0.0145,31141
0.014505,31148
0.01451,31154
0.014515,31160
0.01452,31166
0.014525,31173
0.01453,31179
0.014535,31185
0.01454,31192
0.014545,31198
0.01455,31205
0.014555,31212
0.01456,31218
0.014565,31225
0.01457,31232
0.014575,31239
0.01458,31246
0.014585,31253
0.01459,31260
0.014595,31267
0.0146,31274
0.014605,31282
0.01461,31289
0.014615,31297
0.01462,31304
0.014625,31312
0.01463,31320
0.014635,31327
0.01464,31335
0.014645,31343
0.01465,31351
0.014655,31360
0.01466,31368
0.014665,31376
0.01467,31385
0.014675,31393
0.01468,31402
0.014685,31410
0.01469,31419
0.014695,31428
0.0147,31437
0.014705,31446
0.01471,31455
0.014715,31465
0.01472,31474
0.014725,31484
0.01473,31493
0.014735,31503
0.01474,31513
0.014745,31523
0.01475,31533
0.014755,31543
0.01476,31553
0.014765,31563
0.01477,31574
0.014775,31584
0.01478,31595
0.014785,31606
0.01479,31616
0.014795,31627
0.0148,31639
0.014805,31650
0.01481,31661
0.014815,31672
0.01482,31684
0.014825,31696
0.01483,31707
0.014835,31719
0.01484,31731
0.014845,31743
0.01485,31755
0.014855,31768
0.01486,31780
0.014865,31793
0.01487,31805
0.014875,31818
0.01488,31831
0.014885,31844
0.01489,31857
0.014895,31871
0.0149,31884
0.014905,31897
0.01491,31911
0.014915,31925
0.01492,31939
0.014925,31953
0.01493,31967
0.014935,31981
0.01494,31995
0.014945,32010
0.01495,32024
0.014955,32039
0.01496,32054
0.014965,32069
0.01497,32084
0.014975,32099
