Epoch	AverageEpRet	StdEpRet	MaxEpRet	MinEpRet	EpLen	AverageVVals	StdVVals	MaxVVals	MinVVals	TotalEnvInteracts	LossPi	LossV	DeltaLossPi	DeltaLossV	Entropy	KL	Time
0	31638.0	1113.8411	32990.0	29920.0	1000.0	-0.17761444	0.10181039	0.11201322	-0.38144636	4000	-0.0093158	8562894.0	0.0	-50608.0	0.9189386	2.6822092e-10	362.01176261901855
1	30485.25	2590.0942	32950.0	26590.0	1000.0	8.816151	0.20514561	8.8606205	3.2537096	8000	0.03312981	7924395.5	0.0	-30997.5	0.91908854	-2.861023e-09	700.3216509819031
2	30793.25	2273.9932	32940.0	27191.0	1000.0	14.552568	0.18706733	14.576126	9.848858	12000	-0.021636926	8088846.5	0.0	-30024.5	0.9191563	-4.1723253e-10	1035.2941465377808
3	32164.0	1520.7511	33050.0	29530.0	1000.0	20.058899	0.05675812	20.072615	19.026432	16000	0.04967024	8625951.0	0.0	-31360.0	0.9191404	-3.874302e-09	1371.1582782268524
4	29198.25	2381.351	33001.0	26612.0	1000.0	25.609217	0.019847713	25.616081	24.993206	20000	-0.0006164899	7130069.5	0.0	-26007.5	0.9192136	-1.5497208e-09	1707.0124032497406
5	29800.75	1818.013	32860.0	28381.0	1000.0	30.686203	0.0092033	30.69067	30.132347	24000	0.019512713	7427004.5	0.0	-26878.5	0.91927516	5.066395e-09	2043.3899054527283
6	32380.5	639.78143	33070.0	31601.0	1000.0	35.823853	0.026401108	35.828983	35.29893	28000	-0.004816622	8819573.0	0.0	-31732.0	0.91935915	5.960465e-10	2379.9455347061157
7	30280.5	2477.0972	32950.0	26590.0	1000.0	41.367054	0.019843535	41.370426	40.925266	32000	-0.015017015	7721448.0	0.0	-27753.5	0.91942364	-5.602837e-09	2716.696305513382
8	31475.25	1647.6522	33141.0	29280.0	1000.0	46.580017	0.017303484	46.582897	46.19504	36000	0.008571184	8133473.5	0.0	-28893.5	0.91946125	-2.0861626e-09	3054.793041229248
9	30505.25	2777.1646	33000.0	26190.0	1000.0	51.86608	0.015136801	51.868385	51.52858	40000	0.038161516	7628059.0	0.0	-27223.0	0.91950494	2.1755697e-09	3389.8856201171875
10	30945.75	2348.5833	33141.0	27371.0	1000.0	57.012875	0.013437148	57.01489	56.71318	44000	-0.009808489	7877014.0	0.0	-28134.5	0.91958183	-4.6491624e-09	3725.6586883068085
11	31770.5	1314.2185	33011.0	29900.0	1000.0	62.231537	0.011296626	62.23324	61.96335	48000	0.005657981	8384101.0	0.0	-29912.0	0.9196384	6.8247323e-09	4062.7436974048615
12	30647.5	1880.5101	33010.0	27770.0	1000.0	67.6004	0.006909568	67.60174	67.45905	52000	0.029891405	7745887.5	0.0	-27636.0	0.91969377	-7.1227553e-09	4406.934809207916
13	30888.0	1409.5714	33041.0	29140.0	1000.0	72.778625	0.0018436392	72.779465	72.7222	56000	0.008723065	7881734.5	0.0	-27756.5	0.9197682	-7.4505807e-10	4743.826682329178
14	31097.75	2585.4612	32881.0	26640.0	1000.0	77.955986	0.0022570642	77.95677	77.90314	60000	-0.025016332	7873654.5	0.0	-27942.5	0.9198409	-5.722046e-09	5080.209186077118
15	31378.5	994.8541	32980.0	30260.0	1000.0	83.15179	0.0017957266	83.1525	83.10243	64000	-0.032933433	8028014.0	0.0	-28318.5	0.9198885	-7.1227553e-09	5417.31222653389
16	30623.5	1924.7479	33060.0	27682.0	1000.0	88.38036	0.001509437	88.38098	88.33402	68000	0.022594778	7705540.0	0.0	-27420.5	0.91989964	-7.4505807e-10	5754.447254419327
17	31711.25	2333.2385	33071.0	27670.0	1000.0	93.533066	0.0024205344	93.533745	93.48941	72000	-0.060909282	8080267.5	0.0	-28787.5	0.919929	7.1525577e-09	6093.719836473465
18	31740.5	1772.2585	33100.0	28760.0	1000.0	98.79911	0.0018335807	98.79966	98.758766	76000	-0.0008956957	8068651.0	0.0	-28655.0	0.91991276	-7.003546e-09	6429.977250337601
19	30448.0	2068.1843	32771.0	27410.0	1000.0	104.05803	0.000897002	104.058464	104.0203	80000	0.0070353188	7413677.5	0.0	-26379.5	0.9198992	-5.1259996e-09	6767.212368011475
20	31766.0	1259.246	33001.0	29751.0	1000.0	109.11822	0.0016667139	109.118675	109.0822	84000	-0.0015416165	8090591.5	0.0	-28743.5	0.91989094	-1.3709069e-09	7135.125669002533
21	29490.25	1814.894	32471.0	27690.0	1000.0	114.37529	0.0005642404	114.37562	114.3556	88000	-0.0061844266	7050905.0	0.0	-25256.0	0.91988355	-1.2218953e-09	7472.484874486923
22	31992.5	1941.3702	33130.0	28630.0	1000.0	119.34086	0.0009603594	119.34123	119.32208	92000	-0.021229023	7995867.0	0.0	-28526.5	0.91987604	2.2053719e-09	7820.355248212814
23	31398.25	1666.4087	33042.0	29240.0	1000.0	124.581566	0.0007194704	124.58187	124.567505	96000	-0.014820913	7746766.0	0.0	-27799.5	0.9198483	2.1755697e-09	8156.732723712921
24	31900.75	1958.894	33180.0	28512.0	1000.0	129.77757	0.0007387847	129.77786	129.76431	100000	-0.01645007	7961446.0	0.0	-28420.0	0.91981417	7.063151e-09	8492.70028424263
25	29806.5	1521.7673	32313.0	28221.0	1000.0	135.02147	0.00037190673	135.02167	135.00894	104000	0.028571317	6975828.0	0.0	-25282.5	0.91977274	-8.940697e-11	8828.8094394207
26	32810.75	469.94223	33140.0	32000.0	1000.0	139.99371	0.00053891924	139.99394	139.98499	108000	-0.054207228	8387464.5	0.0	-30014.5	0.9197564	-1.192093e-09	9166.218518018723
27	30775.75	2386.254	33150.0	27720.0	1000.0	145.36484	0.0002574791	145.36502	145.35965	112000	-0.04153301	7389048.5	0.0	-26554.5	0.91970485	2.6524067e-09	9502.973133087158
28	31451.0	2612.7246	33080.0	26931.0	1000.0	150.46112	0.00028781785	150.46127	150.45618	116000	0.02294105	7649804.5	0.0	-27435.5	0.919626	-5.5134297e-09	9838.606966733932
29	30796.0	1685.81	32640.0	28911.0	1000.0	155.61841	0.0001744394	155.61856	155.6137	120000	0.014277226	7407440.0	0.0	-26474.5	0.91957116	-2.6822091e-09	10174.501951217651
30	30032.75	2341.2227	32470.0	26980.0	1000.0	160.69986	0.000112422436	160.7	160.69531	124000	0.03169361	7001961.0	0.0	-25186.5	0.9195299	1.3709069e-09	10510.41896891594
31	30855.75	2297.2295	33080.0	27040.0	1000.0	165.66562	0.00017933622	165.66576	165.66125	128000	-0.0019119664	7391749.5	0.0	-26652.0	0.9195157	-7.361174e-09	10846.619188308716
32	32388.75	544.2708	33100.0	31632.0	1000.0	170.7647	0.00014645635	170.7648	170.76053	132000	-0.024973651	8129768.0	0.0	-29304.5	0.91950274	-2.6524067e-09	11181.978810310364
33	29928.25	1802.323	33001.0	28391.0	1000.0	176.10391	0.00014202626	176.104	176.0999	136000	0.011939705	6736322.5	0.0	-24483.0	0.91947347	6.79493e-09	11527.569711446762
34	29895.25	2455.4446	33150.0	26861.0	1000.0	181.02866	0.00013742084	181.02876	181.02481	140000	-9.692002e-05	6779296.0	0.0	-24480.0	0.9194551	3.5166743e-09	11863.791945695877
35	31325.5	2598.3013	33101.0	26841.0	1000.0	185.93628	0.00017659848	185.93637	185.93257	144000	-0.025722878	7376104.0	0.0	-26633.5	0.9194394	1.6987325e-09	12199.383732557297
36	32645.5	593.9114	33152.0	31660.0	1000.0	191.05125	0.00016821198	191.05133	191.0477	148000	-0.01269678	8036529.5	0.0	-29304.0	0.91940856	8.46386e-09	12535.1246240139
37	30706.0	2286.1562	33010.0	27631.0	1000.0	196.41173	0.00018253237	196.41182	196.40834	152000	-0.021325221	7038255.0	0.0	-25737.0	0.91937417	-5.6624416e-09	12877.743411302567
38	30443.0	2175.628	33141.0	28200.0	1000.0	201.46947	5.8070167e-05	201.46953	201.46881	156000	-0.0156565	6959013.5	0.0	-25385.5	0.9193305	3.6358836e-09	13215.079437494278
39	31333.5	1545.4884	33112.0	29272.0	1000.0	206.48062	0.00011406621	206.4807	206.47745	160000	-0.010844252	7345773.0	0.0	-26559.5	0.91927946	-1.4007092e-09	13551.3166847229
40	33133.0	7.8421936	33140.0	33121.0	1000.0	211.60365	0.00019739944	211.60373	211.60062	164000	-0.016800035	8108255.5	0.0	-29742.0	0.91922504	3.129244e-09	13888.525622606277
41	30660.5	2632.9092	33190.0	27060.0	1000.0	217.01028	0.00011116842	217.01036	217.00739	168000	0.0244606	6958131.0	0.0	-25580.0	0.91916335	0.0	14223.551004171371
42	30230.75	2532.339	33140.0	27282.0	1000.0	222.06384	0.00011059912	222.0639	222.06104	172000	0.02917042	6787012.0	0.0	-24833.0	0.91912514	-6.1094765e-09	14560.208550214767
43	31611.25	1500.4852	33141.0	29663.0	1000.0	227.03113	0.0001290153	227.0312	227.02844	176000	-0.0032244988	7463812.0	0.0	-27383.0	0.9191116	8.165837e-09	14898.251079797745
44	29893.5	2867.5176	33170.0	26860.0	1000.0	232.23303	0.00012539787	232.23308	232.23042	180000	-0.005088513	6557300.5	0.0	-24154.5	0.9190979	-5.0067905e-09	15234.550370931625
45	30495.0	2751.2678	33170.0	26390.0	1000.0	237.1578	0.00010243695	237.1579	237.1553	184000	-0.014097509	6815219.5	0.0	-24978.0	0.9190814	2.4437905e-09	15570.895692586899
46	32834.25	655.9231	33282.0	31701.0	1000.0	242.14987	0.00013357651	242.14989	242.14746	188000	0.01935193	7857273.5	0.0	-28899.5	0.919055	-8.940697e-11	15917.095027446747
47	32398.25	1338.8103	33222.0	30080.0	1000.0	247.50319	0.00013168035	247.50323	247.50085	192000	0.041302826	7632556.5	0.0	-28374.0	0.9190454	-3.3378602e-09	16255.738985776901
48	31172.5	2466.2356	33200.0	26970.0	1000.0	252.8264	7.643686e-05	252.82642	252.82416	196000	0.010399605	7074884.5	0.0	-26023.0	0.919065	1.5199185e-09	16592.031269311905
49	30748.75	1277.4391	32461.0	29342.0	1000.0	257.93384	5.4439886e-05	257.93387	257.93167	200000	-0.0014238511	6902921.5	0.0	-25578.5	0.91909164	-7.748604e-10	16940.148968458176
