Epoch	AverageEpRet	StdEpRet	MaxEpRet	MinEpRet	EpLen	AverageVVals	StdVVals	MaxVVals	MinVVals	TotalEnvInteracts	LossPi	LossV	DeltaLossPi	DeltaLossV	Entropy	KL	ClipFrac	StopIter	Time
0	31271.25	1991.8906	33681.0	28852.0	1000.0	-0.079496495	0.1701186	0.08093332	-0.52360564	4000	1.5068055e-07	8394796.0	-0.0151740145	-51747.5	0.9189386	0.009858743	0.1215	79.0	256.5215947628021
1	32972.0	960.23254	34030.0	31995.0	1000.0	9.177466	0.30993983	9.264264	2.573213	8000	-2.478361e-07	9280404.0	-0.013685599	-35860.0	0.9140259	0.0070583574	0.092	79.0	526.673942565918
2	32504.25	1510.2673	33918.0	30327.0	1000.0	15.303681	0.24733514	15.333469	9.800084	12000	3.194809e-07	9021917.0	-0.019303681	-32429.0	0.91823626	0.009804646	0.15375	79.0	787.1213576793671
3	31709.75	3040.4294	33921.0	26535.0	1000.0	20.925938	0.16260532	20.941504	17.30454	16000	1.9687415e-07	8530322.0	-0.015112907	-29922.0	0.90893525	0.010527356	0.116	79.0	1038.7069127559662
4	30892.0	2104.3052	33025.0	27636.0	1000.0	26.279032	0.05829288	26.285408	24.1347	20000	-1.5783311e-07	8198916.5	-0.016587615	-28700.0	0.8936366	0.008121808	0.1315	79.0	1288.117469072342
5	32359.25	2581.0537	34089.0	27917.0	1000.0	31.50286	0.03509425	31.507711	30.694801	24000	8.1539156e-08	8765365.0	-0.01476678	-30328.0	0.88749737	0.0091141835	0.112	79.0	1576.5917756557465
6	33015.25	705.07776	34060.0	32243.0	1000.0	36.84793	0.017409896	36.850758	36.307377	28000	-4.768372e-09	9287329.0	-0.016054504	-32095.0	0.8816915	0.015056667	0.11625	49.0	1818.0098180770874
7	32027.25	2201.1177	34091.0	28838.0	1000.0	42.319374	0.021981489	42.321854	41.83075	32000	5.5313112e-08	8589958.0	-0.016644245	-29671.0	0.8905318	0.0075506554	0.1625	79.0	2062.0391800403595
8	33008.25	1423.4183	34118.0	30615.0	1000.0	47.586124	0.019026455	47.588207	47.1631	36000	2.5939943e-07	9073509.0	-0.016011525	-30805.0	0.889493	0.009037657	0.1225	79.0	2426.563497543335
9	31499.0	2781.3398	34169.0	27607.0	1000.0	52.924976	0.011758466	52.92631	52.5563	40000	-2.69413e-07	8260926.0	-0.0063548526	-28427.5	0.88975227	0.015247062	0.1485	10.0	2670.242392539978
10	30497.25	2742.8384	34353.0	27177.0	1000.0	58.069813	0.012715499	58.071102	57.72991	44000	-1.7786027e-07	7803186.5	-0.016127707	-26775.5	0.8891944	0.007778538	0.1265	79.0	2913.0337767601013
11	31564.75	2945.7175	34392.0	27319.0	1000.0	63.069866	0.009437042	63.071053	62.891163	48000	1.0752679e-07	8173864.0	-0.01687056	-28036.0	0.8847222	0.0113872215	0.14075	79.0	3153.2967286109924
12	32848.25	2196.165	34364.0	29080.0	1000.0	68.18022	0.0073135565	68.18118	68.01822	52000	1.5068055e-07	8791380.0	-0.014525249	-30135.0	0.88152444	0.0056273844	0.106	79.0	3393.256118297577
13	32796.25	1855.1893	34503.0	29732.0	1000.0	73.4732	0.0063013337	73.47403	73.32405	56000	2.0027161e-07	8794636.0	-0.015673846	-30225.0	0.87187517	0.013977774	0.12075	79.0	3633.6531987190247
14	33816.25	492.145	34313.0	33193.0	1000.0	78.77754	0.006261228	78.77828	78.638565	60000	1.1384488e-07	9309629.0	-0.016659208	-31851.0	0.878004	0.012280816	0.14425	79.0	3874.479085922241
15	32362.75	2750.3247	34577.0	27698.0	1000.0	84.203	0.005427513	84.20359	84.0742	64000	-1.3637543e-07	8506601.0	-0.016651398	-29187.0	0.865735	0.0055088075	0.11775	79.0	4115.1243941783905
16	31840.0	2454.1282	34463.0	27937.0	1000.0	89.41242	0.0051011406	89.41298	89.29218	68000	-8.1539156e-08	8326850.0	-0.01624582	-28361.0	0.8501393	0.011750855	0.114	79.0	4359.138776063919
17	30494.25	2602.6143	34534.0	27349.0	1000.0	94.54057	0.0027095764	94.54093	94.45607	72000	-4.768372e-10	7631227.0	-0.016325863	-26224.0	0.85789347	0.015145972	0.13325	60.0	4602.010316371918
18	31938.5	2703.4705	34485.0	27429.0	1000.0	99.48895	0.0031650777	99.48934	99.40816	76000	-2.0825864e-07	8317927.0	-0.018701905	-28234.0	0.85665566	0.015024207	0.15025	69.0	4842.631009101868
19	31115.25	3528.1123	34662.0	27284.0	1000.0	104.60817	0.0034607635	104.60856	104.53141	80000	-2.0575524e-07	7773687.0	-0.017409334	-26765.0	0.86016303	0.013480521	0.14075	79.0	5082.643595457077
20	33700.75	1519.8285	34622.0	31069.0	1000.0	109.618866	0.004582513	109.619415	109.54683	84000	2.6959182e-07	8975128.0	-0.016971668	-30848.0	0.8513874	0.011440382	0.13575	79.0	5325.182595014572
21	31522.25	3361.7095	34887.0	28048.0	1000.0	114.96641	0.0027717606	114.966705	114.90064	88000	4.1007997e-08	7947425.5	-0.018089173	-27535.5	0.84334373	0.012965076	0.14525	79.0	5591.079681158066
22	33638.0	1496.0924	34817.0	31114.0	1000.0	120.05736	0.0019924843	120.0576	119.99517	92000	-1.6760826e-07	9079579.0	-0.018280676	-31168.0	0.8349176	0.013776952	0.11475	79.0	5857.495758533478
23	30399.75	2528.2795	34125.0	27987.0	1000.0	125.4313	0.0023554387	125.43153	125.37176	96000	1.4734269e-07	7202330.0	-0.017431118	-25140.0	0.8200081	0.013156419	0.13075	79.0	6121.526829242706
24	32400.5	2466.992	34284.0	28159.0	1000.0	130.31345	0.002245702	130.31372	130.25667	100000	-1.6069413e-07	8462056.0	-0.017981064	-28980.0	0.81279176	0.01379751	0.14575	79.0	6387.534050941467
25	34249.75	897.6022	34984.0	32723.0	1000.0	135.5038	0.0024316644	135.50407	135.4495	104000	2.5320054e-07	9247689.0	-0.01853504	-31957.0	0.810627	0.01509702	0.1495	65.0	6652.10347032547
26	32965.25	2239.4026	34986.0	29527.0	1000.0	140.95566	0.0016112274	140.95584	140.91998	108000	-5.0127507e-08	8470522.0	-0.016834509	-29108.0	0.79676753	0.0131738875	0.14525	79.0	6917.71830034256
27	32275.75	2289.8708	34787.0	29143.0	1000.0	146.18141	0.0010952756	146.18156	146.14746	112000	5.412102e-08	8119158.5	-0.007822283	-27854.0	0.79088885	0.016534725	0.15125	9.0	7182.69075345993
28	31905.5	2442.7307	34923.0	28478.0	1000.0	151.28693	0.00104709	151.28705	151.25424	116000	2.510548e-07	7973532.0	-0.018736182	-27432.5	0.7913641	0.010764544	0.13025	79.0	7452.414012432098
29	33907.25	1201.3657	35028.0	31954.0	1000.0	156.3552	0.0014171147	156.35535	156.3237	120000	-1.2779236e-07	8946230.0	-0.017428854	-30570.0	0.79030937	0.0110348435	0.15325	79.0	7719.282554864883
30	32998.5	2839.6655	34894.0	28107.0	1000.0	161.68541	0.0013502305	161.68555	161.65538	124000	-3.886223e-08	8415781.0	-0.017236387	-28948.0	0.7834026	0.014325907	0.13	79.0	7985.505888938904
31	31550.5	1980.9065	34898.0	29808.0	1000.0	166.89462	0.0009131907	166.89471	166.86601	128000	3.528595e-08	7627104.0	-0.018898824	-26482.0	0.78937465	0.010362215	0.15025	79.0	8253.235035657883
32	33204.25	1729.3853	34536.0	30252.0	1000.0	171.88635	0.000980682	171.88647	171.85876	132000	-1.7404558e-08	8475284.0	-0.007206965	-29068.0	0.7722936	0.015318443	0.13375	10.0	8518.966184139252
33	32439.0	2745.9285	35154.0	28302.0	1000.0	177.09193	0.00048077587	177.09206	177.07991	136000	1.5497208e-07	8099524.0	-0.01877067	-27965.5	0.76924306	0.013923531	0.15825	79.0	8786.750660896301
34	32972.0	2138.5823	35000.0	29900.0	1000.0	182.22003	0.00049814594	182.22012	182.20837	140000	1.4400483e-07	8314905.0	-0.009284032	-28831.0	0.7539782	0.015847119	0.094	11.0	9056.851009130478
35	31891.5	2885.7737	35118.0	28838.0	1000.0	187.41652	0.00040723453	187.41661	187.4053	144000	2.9897691e-07	7738145.0	-0.017422836	-26893.0	0.751929	0.013774004	0.15725	79.0	9327.71615576744
36	33355.5	1822.9991	35176.0	31185.0	1000.0	192.45483	0.00058936945	192.45493	192.444	148000	8.249283e-08	8449789.0	-0.017486986	-29203.0	0.734143	0.0145411845	0.13275	79.0	9594.649502515793
37	33566.25	1439.7856	35175.0	31234.0	1000.0	197.68326	0.000337496	197.68332	197.67285	152000	1.9073487e-07	8541905.0	-0.017158912	-29560.0	0.7228197	0.01510014	0.1315	55.0	9861.15254688263
38	32992.5	1668.5587	34444.0	30372.0	1000.0	202.95256	8.479e-05	202.95262	202.95154	156000	-2.861023e-08	8353579.5	-0.01888997	-28921.5	0.7186016	0.0128991455	0.1605	79.0	10129.431345462799
39	35051.5	231.57343	35277.0	34666.0	1000.0	208.16747	0.0005415055	208.16756	208.1577	160000	2.2411347e-08	9183885.0	-0.016067237	-31820.0	0.71311325	0.0072128717	0.117	79.0	10396.81575703621
40	33643.25	1486.7506	35206.0	31295.0	1000.0	213.61182	0.00034052818	213.6119	213.60248	164000	-2.2792817e-07	8517166.0	-0.01762578	-29489.0	0.69650733	0.0143024735	0.1405	79.0	10664.073924064636
41	33438.75	1971.7596	35359.0	30725.0	1000.0	218.87389	0.0004904479	218.87395	218.86487	168000	-2.691746e-07	8337644.0	-0.015293969	-28743.5	0.68457776	0.011076283	0.097	79.0	10933.405608415604
42	33205.75	3235.8242	35401.0	27617.0	1000.0	224.05959	0.00043937424	224.05965	224.05095	172000	7.0333486e-09	8221024.5	-0.01052768	-28307.5	0.6954013	0.015043385	0.1435	11.0	11200.519468545914
43	34820.25	363.20612	35195.0	34387.0	1000.0	229.20645	0.00016731942	229.20648	229.20297	176000	-2.0122529e-07	9017613.0	-0.016524855	-31087.0	0.69498646	0.011587761	0.134	79.0	11465.93880200386
44	34407.75	1010.18744	35227.0	32740.0	1000.0	234.57953	0.0001682381	234.57956	234.5762	180000	-1.2636185e-07	8808583.0	-0.016381497	-30300.0	0.6878892	0.013744611	0.11875	79.0	12380.138319015503
45	34343.5	1433.9878	35380.0	31873.0	1000.0	239.89667	0.00015826535	239.89671	239.89346	184000	-1.6856194e-07	8693234.0	-0.016686998	-30034.0	0.67798084	0.011060727	0.1285	79.0	13617.184341192245
46	33915.0	1461.8379	35351.0	31487.0	1000.0	245.18285	0.00011458477	245.18289	245.17975	188000	-3.945828e-08	8558948.0	-0.012132895	-29530.0	0.677157	0.01569036	0.11875	16.0	14802.092683315277
47	31989.5	2025.6863	35385.0	30243.0	1000.0	250.42357	0.000102970545	250.4236	250.42058	192000	-9.775162e-09	7507374.5	-0.0020777485	-25755.5	0.6754914	0.017196877	0.186	2.0	16025.159889936447
48	32027.75	2582.7827	35340.0	28880.0	1000.0	255.34178	0.0001311011	255.34181	255.3389	196000	2.5749208e-07	7525944.5	-0.019222828	-25850.0	0.67522186	0.014081079	0.14075	79.0	17291.92948794365
49	32307.5	1843.9979	35276.0	30442.0	1000.0	260.2587	0.000100966616	260.25867	260.25586	200000	-1.0919572e-07	7525795.5	-0.01739747	-25863.5	0.6713782	0.013105489	0.1135	79.0	18559.462518692017
50	33231.25	1627.2015	35398.0	31079.0	1000.0	265.18893	9.963767e-05	265.1889	265.1862	204000	-8.7380414e-08	8138419.5	-0.017454052	-28012.5	0.6641367	0.01296411	0.1325	79.0	19757.45894932747
51	31112.25	2959.964	35529.0	28163.0	1000.0	270.31393	9.9109326e-05	270.314	270.31134	208000	-1.358986e-07	6936529.0	-0.011529083	-24054.5	0.66079617	0.016034622	0.17175	13.0	20929.75391769409
52	31463.0	2574.0784	35502.0	28861.0	1000.0	275.1065	9.8958866e-05	275.10657	275.104	212000	-1.5068055e-07	7195647.5	-0.020243868	-24898.0	0.6576423	0.013888501	0.1595	79.0	22169.775247335434
53	31516.0	1854.3623	34514.0	29687.0	1000.0	279.96732	6.752423e-05	279.96738	279.96484	216000	6.484986e-08	7076581.5	-0.015939234	-24663.0	0.6495282	0.015041011	0.1275	40.0	23380.866909503937
54	33569.75	2276.6367	35626.0	29990.0	1000.0	284.82526	0.00012045169	284.82532	284.82294	220000	-4.5776368e-08	8185050.5	-0.01755544	-28548.0	0.6550141	0.015014428	0.137	36.0	24658.779405117035
55	32803.25	2627.8044	35452.0	29579.0	1000.0	290.03345	0.000106097425	290.03348	290.03113	224000	-8.916855e-08	7652807.5	-0.016879067	-27189.5	0.6561087	0.008738103	0.1195	79.0	25891.246223926544
56	33937.25	1459.3376	35661.0	31998.0	1000.0	295.147	8.48696e-05	295.14703	295.14478	228000	-6.103516e-08	8200901.0	-0.0053883307	-28805.5	0.65777665	0.015658403	0.1885	3.0	27120.85393023491
57	33920.25	1886.9104	35595.0	30971.0	1000.0	300.39264	0.000113596536	300.3927	300.3905	232000	-1.859665e-08	8161354.0	-0.017706618	-28867.0	0.6575876	0.012759379	0.12625	79.0	28392.278127908707
58	32438.5	1857.1824	35648.0	31175.0	1000.0	305.65082	7.640982e-05	305.6508	305.64865	236000	3.6954881e-09	7362774.0	-0.016927574	-26191.5	0.6553036	0.0074910624	0.13525	79.0	29663.991109848022
59	30527.25	1079.9176	31653.0	28825.0	1000.0	310.67694	7.06533e-05	310.67697	310.67487	240000	4.5394899e-07	6363116.0	-0.014440921	-22596.5	0.6410242	0.015010533	0.13725	42.0	36159.48008441925
60	32112.25	2514.137	34883.0	28522.0	1000.0	315.366	6.518022e-05	315.36597	315.36395	244000	-2.5665761e-07	7271196.5	-0.01572029	-25813.0	0.63726425	0.008019323	0.1155	79.0	36692.656205415726
61	34028.25	1373.3047	35145.0	31730.0	1000.0	320.34912	2.9635066e-05	320.34915	320.34885	248000	1.47819526e-08	8214741.5	-0.01583765	-29015.0	0.6311443	0.01348257	0.13625	79.0	37342.6251039505
62	33052.75	2031.5183	35553.0	30756.0	1000.0	325.63715	5.9254417e-05	325.63715	325.6353	252000	7.629395e-09	7723726.5	-0.016424054	-27641.0	0.61813825	0.009937683	0.1165	79.0	38091.74569892883
63	34972.0	611.689	35943.0	34402.0	1000.0	330.82126	7.380113e-05	330.82126	330.81943	256000	-3.0040744e-07	8673647.0	-0.01815363	-30837.0	0.61585724	0.013585461	0.13975	79.0	39243.07947587967
64	35281.5	870.06683	35885.0	33782.0	1000.0	336.26443	9.8604134e-05	336.26447	336.26273	260000	-2.0503998e-08	8654164.0	-0.012450197	-30903.0	0.60349447	0.015655413	0.12925	15.0	40482.197075128555
65	34961.25	1177.9117	35766.0	32935.0	1000.0	341.71988	7.8081175e-05	341.71988	341.71817	264000	1.8620491e-07	8472309.0	-0.012378643	-30196.0	0.5985658	0.015476228	0.106	22.0	41586.61809206009
66	34581.75	1383.0929	35853.0	32420.0	1000.0	347.1064	9.408129e-05	347.10638	347.1048	268000	1.7768146e-07	8294029.0	-0.018961035	-29436.0	0.5947288	0.014099367	0.1655	79.0	42776.729212999344
67	34652.25	1653.7164	35848.0	31832.0	1000.0	352.41937	0.00010030376	352.4193	352.41776	272000	2.2077562e-07	8320574.0	-0.015664121	-29384.0	0.5837947	0.007878768	0.10625	79.0	44064.24403214455
68	34621.5	2113.7412	35901.0	30961.0	1000.0	357.71936	7.663954e-05	357.7194	357.71793	276000	-1.487732e-07	8121478.0	-0.017318273	-28661.5	0.57570356	0.0150621	0.10775	69.0	45320.02284049988
69	32138.5	2409.1572	34852.0	28246.0	1000.0	362.9554	5.0600775e-05	362.9554	362.95392	280000	4.768372e-09	7069841.0	-0.016533807	-24754.5	0.57242554	0.015108899	0.1185	72.0	46394.945924282074
70	33979.0	1718.2524	35913.0	31411.0	1000.0	367.84604	7.108369e-05	367.84598	367.84503	284000	-1.2540818e-07	7953777.0	-0.010326413	-27959.5	0.5740216	0.015465641	0.104	16.0	47553.54283308983
71	33981.25	2907.7954	35919.0	28974.0	1000.0	373.00787	7.245756e-05	373.00793	373.00705	288000	-3.194809e-08	7827470.5	-0.019133022	-27790.5	0.57316643	0.014647663	0.15125	79.0	48699.30553030968
72	35245.75	1027.4352	35876.0	33467.0	1000.0	378.17603	3.9740284e-05	378.17606	378.17554	292000	-5.102158e-08	8329429.5	-0.017667886	-29322.5	0.5651791	0.011076337	0.1325	79.0	49867.123540878296
73	34104.75	1911.6707	36040.0	32062.0	1000.0	383.47217	2.6163374e-05	383.47217	383.47168	296000	-6.556511e-08	7911540.5	-0.019426676	-27987.0	0.5525459	0.015085425	0.15575	76.0	51505.3099360466
74	33513.25	2338.8376	35932.0	29659.0	1000.0	388.66052	3.34547e-05	388.6605	388.6601	300000	-1.6045571e-07	7573272.5	-0.01698872	-26675.0	0.5524019	0.012307625	0.129	79.0	52495.109678030014
75	35223.25	847.04614	36035.0	33903.0	1000.0	393.72864	3.4583973e-05	393.72867	393.72827	304000	-6.961823e-08	8418158.0	-0.009447476	-29760.5	0.5538911	0.016109653	0.0715	6.0	53641.620253801346
76	31982.25	2200.4724	35521.0	29478.0	1000.0	399.057	3.165601e-05	399.05698	399.0566	308000	4.4941903e-08	6754564.5	-0.007335153	-24265.0	0.55331415	0.01526188	0.12075	9.0	54791.66368031502
77	32599.5	3038.9766	36037.0	28362.0	1000.0	403.91986	3.236878e-05	403.9199	403.91953	312000	-5.9604645e-08	7197077.0	-0.008300156	-25361.0	0.5517421	0.015083656	0.1535	11.0	55931.52200341225
78	33338.0	1948.2639	36081.0	30940.0	1000.0	408.86316	3.385251e-05	408.86313	408.8627	316000	-2.3365021e-07	7405090.0	-0.008872146	-26094.5	0.54995435	0.016630135	0.14175	9.0	57081.22580051422
79	33880.5	2329.711	36086.0	30441.0	1000.0	413.8895	6.366409e-05	413.88943	413.8892	320000	2.384186e-09	7537328.5	-0.018477611	-26672.0	0.547923	0.0122889485	0.13275	79.0	58281.99489212036
80	33798.25	1484.3418	35453.0	31649.0	1000.0	418.97656	6.075413e-05	418.97662	418.97653	324000	-3.1971933e-07	7568504.0	-0.005735581	-26856.5	0.5452369	0.015261148	0.12275	3.0	59561.45926761627
81	33384.0	2662.7837	35947.0	29707.0	1000.0	424.08774	1.1305929e-05	424.08774	424.0875	328000	2.2101403e-07	7338124.5	-0.007907838	-26230.5	0.54539263	0.015935414	0.1475	8.0	60645.59476518631
82	35385.0	1043.5917	36023.0	33578.0	1000.0	429.1475	5.919938e-05	429.14755	429.14728	332000	1.5616418e-07	8145440.0	-0.016742377	-29144.0	0.5451921	0.0150505975	0.12575	59.0	61473.48763346672
83	33955.5	3231.5564	36000.0	28369.0	1000.0	434.4605	4.996875e-05	434.46057	434.46033	336000	-4.041195e-07	7546770.0	-0.0114642475	-27071.0	0.54273933	0.016119715	0.11225	10.0	62533.753524303436
84	34122.5	1959.2922	36136.0	32044.0	1000.0	439.60794	3.9262854e-05	439.60794	439.6077	340000	-1.8405915e-07	7620070.0	-0.014080347	-27283.0	0.54314065	0.015294708	0.133	21.0	63686.22419142723
85	31925.5	2608.7522	36035.0	28795.0	1000.0	444.7636	6.473756e-06	444.7636	444.76343	344000	-3.3378602e-09	6399098.0	-0.015846336	-23051.5	0.53947806	0.012756022	0.1205	79.0	64793.04079461098
86	33870.0	2363.7012	36171.0	30614.0	1000.0	449.539	6.228315e-05	449.53894	449.53873	348000	-2.87056e-07	7380940.5	-0.014581308	-26229.5	0.53669715	0.010307655	0.121	79.0	65909.48466324806
87	34354.0	2798.4636	36080.0	29510.0	1000.0	454.59705	7.723269e-05	454.597	454.59674	352000	1.3887883e-07	7539680.5	-0.008806464	-27211.5	0.5457726	0.016000723	0.13	10.0	66999.71335220337
88	34660.25	1332.8834	36008.0	33272.0	1000.0	459.76663	2.0877236e-05	459.76663	459.76645	356000	-1.8787385e-07	7760730.0	-0.010064699	-28003.0	0.5449715	0.015514579	0.1345	15.0	68029.78845381737
89	35416.75	90.53556	35566.0	35333.0	1000.0	465.01062	0.00012244358	465.0105	465.01025	360000	-1.0681153e-07	8116188.5	-0.010927426	-29395.5	0.54256934	0.016815575	0.134	11.0	69165.91410589218
90	34652.5	2533.7124	36127.0	30264.0	1000.0	470.37488	6.2782085e-05	470.37482	470.3746	364000	-1.6468765e-07	7583157.5	-0.009664296	-27537.0	0.54139405	0.015201282	0.1785	12.0	70313.71503686905
