Epoch	AverageEpRet	StdEpRet	AverageTestEpRet	StdTestEpRet	EpLen	TestEpLen	TotalEnvInteracts	AvgEnergyBought	AvgEnergySold	AvgPriceBought	AverageQVals	StdQVals	LossPi	LossQ	Time
1	20587.744	1925.133	25175.832	7198.9614	1000.0	1000.0	3999	[31.14985984]	0.0	19.0	148.88762	148.84148	-143.06699	2866.3113	1163.5887253284454
2	22509.111	1841.8579	25731.223	10275.102	1000.0	1000.0	7999	[31.49975879]	0.0	19.0	429.91443	201.87149	-435.21222	5026.0474	2326.537962436676
3	23841.74	9318.726	25920.512	10719.007	1000.0	1000.0	11999	[29.90358507]	0.0	19.0	902.3088	258.1636	-910.72186	11163.313	3517.077971458435
4	24965.195	10358.442	28348.887	11882.5625	1000.0	1000.0	15999	[37.10194527]	0.0	19.0	924.6267	304.5627	-886.32825	18308.688	4672.8709235191345
5	26649.668	12085.71	22345.787	8459.634	1000.0	1000.0	19999	[36.94769355]	0.0	19.0	-392.0412	893.6378	541.4275	62164.258	5858.509366750717
6	28927.76	10340.151	30695.244	10555.848	1000.0	1000.0	23999	[30.66340274]	0.0	19.0	-4260.878	1728.4023	4569.669	146670.56	7018.88462638855
7	34083.527	10116.9	25062.785	10915.175	1000.0	1000.0	27999	[31.49975879]	0.0	19.0	-8202.332	1585.8964	8510.217	176515.9	8172.096139669418
8	28466.723	9715.2	30797.707	11322.605	1000.0	1000.0	31999	[32.36812468]	0.0	19.0	-13438.976	2492.17	13936.64	298362.22	9328.475218772888
9	31470.54	13035.3955	25946.744	8333.735	1000.0	1000.0	35999	[31.49975879]	0.0	19.0	-21439.043	3728.9263	22189.371	620776.94	10496.931451320648
10	24405.275	9370.257	29065.387	10405.311	1000.0	1000.0	39999	[31.27112997]	0.0	19.0	-34705.14	6320.636	35958.87	1274271.1	11658.3716506958
11	19049.785	492.02875	28054.059	11657.838	1000.0	1000.0	43999	[31.49975879]	0.0	19.0	-54748.676	9029.658	56554.617	2680557.5	12812.033984184265
12	26385.713	12800.222	25654.932	9089.663	1000.0	1000.0	47999	[31.49975879]	0.0	19.0	-84904.05	14249.678	87716.055	6101020.5	13966.881615877151
13	22181.324	5518.053	27361.812	10381.401	1000.0	1000.0	51999	[23.70378864]	0.0	19.0	-132383.11	21808.752	136627.77	15333238.0	15119.082176685333
14	23683.18	8622.816	20451.178	3810.0232	1000.0	1000.0	55999	[25.38933636]	0.0	19.0	-190945.81	27048.691	196073.73	28457462.0	17378.747422218323
15	18784.426	764.3045	25165.951	7537.6533	1000.0	1000.0	59999	[31.15216465]	0.0	19.0	-257268.6	33761.06	263615.47	49681384.0	20643.292939662933
16	20016.73	2584.8367	26434.15	11397.532	1000.0	1000.0	63999	[36.33908609]	0.0	19.0	-339978.66	45311.773	348423.62	89069784.0	23909.611391544342
17	26105.559	4377.897	30059.646	12021.633	1000.0	1000.0	67999	[31.12923704]	0.0	19.0	-449860.12	57714.57	460470.2	157540750.0	59120.79386425018
18	32231.477	9028.675	30776.77	11398.952	1000.0	1000.0	71999	[30.05222368]	0.0	19.0	-567908.5	66683.45	579914.5	237137520.0	62352.85772109032
19	31087.68	10452.34	25103.451	8449.399	1000.0	1000.0	75999	[37.94676795]	0.0	19.0	-693717.25	77454.0	707478.94	325262000.0	65697.52436852455
20	25481.848	6543.083	28903.566	9874.508	1000.0	1000.0	79999	[38.29410995]	0.0	19.0	-831912.5	90904.484	847905.1	443402000.0	68275.7535173893
21	23143.186	5630.1895	22217.207	5375.3613	1000.0	1000.0	83999	[31.49975879]	0.0	19.0	-988786.1	105605.49	1007094.4	585215170.0	70387.06399226189
22	25376.0	11051.349	24654.193	6998.0386	1000.0	1000.0	87999	[31.49975879]	0.0	19.0	-1161223.5	123392.83	1182447.9	804954940.0	72564.61563062668
23	26500.262	7899.3384	25333.984	8886.861	1000.0	1000.0	91999	[31.49975879]	0.0	19.0	-1364113.1	146478.97	1389425.9	1068470900.0	74699.19343662262
24	20208.879	2102.1946	27132.791	7011.25	1000.0	1000.0	95999	[30.10525897]	0.0	19.0	-1589770.6	163546.16	1617697.8	1404692100.0	77053.52448534966
25	30375.912	12111.428	22966.06	6629.548	1000.0	1000.0	99999	[33.9628172]	0.0	19.0	-1835847.6	185768.69	1867675.1	1781034900.0	79119.86114525795
26	30061.062	11395.404	25156.041	8362.24	1000.0	1000.0	103999	[23.88505662]	0.0	19.0	-2096907.9	206563.2	2132236.2	2171035600.0	80726.65946173668
27	25453.29	8296.705	20346.547	2857.368	1000.0	1000.0	107999	[31.19313423]	0.0	19.0	-2370218.0	228301.14	2408058.0	2708493000.0	82183.68046140671
28	33918.82	10375.604	27043.5	10004.295	1000.0	1000.0	111999	[35.82986485]	0.0	19.0	-2655064.8	252516.61	2697432.8	3398538000.0	84075.41503500938
29	26786.934	9368.943	26482.934	10778.569	1000.0	1000.0	115999	[31.36257619]	0.0	19.0	-2942053.2	271588.66	2985584.2	4049040600.0	86677.30839943886
30	32033.863	13092.975	28247.582	12016.867	1000.0	1000.0	119999	[31.49975879]	0.0	19.0	-3248043.2	314130.53	3299407.0	5390145000.0	89255.77708029747
31	29041.55	10025.803	25384.008	9728.523	1000.0	1000.0	123999	[38.21674703]	0.0	19.0	-3625943.2	357728.84	3682464.5	7133902000.0	91893.55599451065
32	28445.51	8460.249	27785.775	10865.383	1000.0	1000.0	127999	[31.49975879]	0.0	19.0	-4031763.2	401445.16	4093842.5	8902826000.0	94467.39396595955
33	23648.75	4631.1577	21054.766	4185.323	1000.0	1000.0	131999	[31.34732449]	0.0	19.0	-4453458.5	441125.38	4520720.5	11452451000.0	97162.62932825089
34	29844.379	10500.969	31498.332	11000.779	1000.0	1000.0	135999	[31.49975879]	0.0	19.0	-4903619.5	484970.9	4976902.0	13904974000.0	99801.3534579277
35	32672.61	13501.086	28950.629	10587.341	1000.0	1000.0	139999	[37.9867869]	0.0	19.0	-5358302.0	526565.4	5435477.0	16562730000.0	102510.46451330185
36	29886.586	7275.845	26100.805	10329.889	1000.0	1000.0	143999	[37.69422573]	0.0	19.0	-5814769.5	565069.25	5897317.0	19625380000.0	103736.49188733101
37	25996.19	10119.799	20162.885	2261.8547	1000.0	1000.0	147999	[31.20370164]	0.0	19.0	-6255143.0	608514.7	6342081.5	22537890000.0	104904.62319207191
38	22634.633	7085.2007	27376.916	10721.178	1000.0	1000.0	151999	[31.49975879]	0.0	19.0	-6782877.0	672376.5	6880789.5	26945049000.0	106071.17486286163
39	24910.898	10245.809	23802.543	7894.4614	1000.0	1000.0	155999	[31.49975879]	0.0	19.0	-7351661.5	732121.1	7457647.5	31194399000.0	107241.36241078377
40	23255.56	6009.196	21813.97	5042.7397	1000.0	1000.0	159999	[30.8751746]	0.0	19.0	-7960796.0	792151.9	8073656.0	35734820000.0	108408.44120931625
41	37703.473	11812.612	27534.89	10347.904	1000.0	1000.0	163999	[38.32374675]	0.0	19.0	-8597887.0	851058.94	8718549.0	42232988000.0	109571.60897088051
42	24921.36	4405.4077	25930.004	7281.5454	1000.0	1000.0	167999	[38.68636418]	0.0	19.0	-9248429.0	903752.75	9376213.0	46366863000.0	110742.22640109062
43	28442.6	9527.602	30561.262	12283.899	1000.0	1000.0	171999	[36.97806124]	0.0	19.0	-9921996.0	958902.75	10057404.0	52823097000.0	111918.74659991264
44	31170.0	11353.699	27402.291	9822.857	1000.0	1000.0	175999	[31.29107831]	0.0	19.0	-10577204.0	981453.6	10715629.0	55754756000.0	113099.34941577911
45	36707.47	11671.778	32006.61	10046.361	1000.0	1000.0	179999	[31.49975879]	0.0	19.0	-11170557.0	997970.2	11311512.0	54739173000.0	114264.66562199593
46	27206.676	9491.84	22163.723	8396.622	1000.0	1000.0	183999	[28.0476026]	0.0	19.0	-11700212.0	1045411.3	11845225.0	58851254000.0	115426.03460597992
47	27250.531	11014.039	29969.37	12060.754	1000.0	1000.0	187999	[28.84994061]	0.0	19.0	-12250289.0	1079069.6	12401277.0	64980580000.0	116591.26105284691
48	30670.793	11967.226	31654.678	11146.883	1000.0	1000.0	191999	[36.62696305]	0.0	19.0	-12830211.0	1122774.6	12993506.0	67815092000.0	117756.63839673996
49	25689.414	10948.573	29331.797	11165.528	1000.0	1000.0	195999	[31.49975879]	0.0	19.0	-13400982.0	1174979.6	13565361.0	73576186000.0	118920.71424531937
50	25405.861	11103.064	28392.5	12061.93	1000.0	1000.0	199999	[31.49975879]	0.0	19.0	-14057653.0	1239156.1	14235073.0	82337006000.0	120080.48112678528
