Epoch	AverageEpRet	StdEpRet	MaxEpRet	MinEpRet	EpLen	AverageVVals	StdVVals	MaxVVals	MinVVals	TotalEnvInteracts	LossPi	LossV	DeltaLossPi	DeltaLossV	Entropy	KL	ClipFrac	StopIter	Time
0	64483.75	3820.9368	70251.0	59510.0	1000.0	-0.41790318	0.39901805	0.28408656	-0.96100247	4000	-2.4962426e-07	37346050.0	-0.02198326	-107956.0	0.9189386	0.014486714	0.1415	79.0	1228.914318561554
1	60694.0	4725.258	64921.0	53063.0	1000.0	8.794899	0.20577723	8.897737	4.8358335	8000	1.0490418e-07	33720172.0	-0.016881803	-64892.0	0.91525584	0.015072558	0.113	37.0	2348.132390022278
2	65266.75	1631.6643	68091.0	64243.0	1000.0	14.67114	0.08897836	14.690107	12.335438	12000	9.381772e-08	38446292.0	-0.019978866	-68132.0	0.91179645	0.012656493	0.11	79.0	3422.4749121665955
3	63143.5	2265.4426	65471.0	59410.0	1000.0	20.42887	0.07994338	20.442585	18.812023	16000	1.5187264e-07	35369864.0	-0.021007378	-62244.0	0.9149185	0.015002918	0.13575	64.0	4135.453939676285
4	56746.5	6866.601	64194.0	45541.0	1000.0	25.880915	0.021213545	25.888496	25.470022	20000	6.639958e-08	29347624.0	-0.019505927	-50766.0	0.91367674	0.01502067	0.13625	60.0	4601.8045353889465
5	59709.0	8132.4775	70463.0	49751.0	1000.0	30.83059	0.011614766	30.835102	30.472464	24000	1.1968613e-07	32345624.0	-0.011159673	-55644.0	0.90933526	0.015587777	0.089	16.0	5042.596748113632
6	58921.75	7736.8994	65564.0	46041.0	1000.0	35.98444	0.009041331	35.987583	35.776527	28000	2.4175645e-07	31512762.0	-0.020004775	-53998.0	0.9076364	0.0151259545	0.12875	73.0	5740.904664516449
7	63143.5	3851.8743	67012.0	56730.0	1000.0	41.0884	0.0070528113	41.090427	40.902523	32000	-4.7683717e-08	35642204.0	-0.019298675	-61700.0	0.92042035	0.015079943	0.10625	55.0	6286.222697019577
8	58906.5	6473.8735	64492.0	48121.0	1000.0	46.50739	0.006989419	46.50947	46.339394	36000	-1.8119813e-08	31104536.0	-0.016323097	-53946.0	0.92445606	0.015106874	0.135	29.0	6957.929209470749
9	56291.5	8095.916	64352.0	47030.0	1000.0	51.611282	0.0037168781	51.612957	51.53415	40000	2.6249887e-07	28479150.0	-0.017121933	-49112.0	0.9230192	0.015032191	0.12625	40.0	7717.7349491119385
10	55546.5	6777.033	63582.0	46061.0	1000.0	56.49114	0.0032701055	56.492672	56.42115	44000	-1.8215181e-07	26727062.0	-0.019189859	-46566.0	0.9188818	0.011564622	0.12475	79.0	8332.152616739273
11	58716.5	4790.68	63743.0	53091.0	1000.0	61.263897	0.0020179313	61.26487	61.20877	48000	-4.3034557e-08	31677300.0	-0.008264593	-55486.0	0.91454506	0.015794	0.155	10.0	9115.38383603096
12	60184.75	7392.2515	64462.0	47381.0	1000.0	66.45173	0.0024748403	66.45252	66.40079	52000	2.5677681e-07	33512148.0	-0.02158475	-58550.0	0.91313654	0.014465222	0.12475	79.0	9829.821017026901
13	57109.5	7881.992	64564.0	45500.0	1000.0	71.793015	0.00254455	71.793846	71.744736	56000	1.5592576e-07	28812374.0	-0.011069592	-50756.0	0.91700053	0.015085454	0.1115	15.0	10504.367134332657
14	60499.5	6640.879	64474.0	49000.0	1000.0	76.79802	0.0015069885	76.79857	76.769554	60000	2.884865e-08	33242714.0	-0.010199454	-57428.0	0.9158445	0.015000565	0.1025	13.0	11108.284456729889
15	62290.0	3827.3284	64652.0	55664.0	1000.0	82.08097	0.0012676761	82.081436	82.05452	64000	9.298325e-08	34995880.0	-0.011000305	-61812.0	0.91342235	0.015866185	0.11375	13.0	11776.851293802261
16	64104.5	5333.7715	68753.0	55272.0	1000.0	87.558014	0.001096861	87.558426	87.53338	68000	-1.6736985e-07	36368280.0	-0.009930037	-64112.0	0.9102376	0.01578498	0.09375	11.0	12312.149703502655
17	61127.75	5576.2266	64655.0	51481.0	1000.0	93.1203	0.0010256316	93.12071	93.097374	72000	2.4139883e-08	32964822.0	-0.012795227	-57576.0	0.9081021	0.015028283	0.097	15.0	13047.448492527008
18	63482.0	2077.5278	65742.0	60161.0	1000.0	98.40267	0.0008248582	98.40302	98.381195	76000	2.5320054e-07	34943110.0	-0.019027533	-60960.0	0.9082217	0.015020793	0.11925	39.0	13597.468912363052
19	59119.25	4608.14	64112.0	51932.0	1000.0	103.80249	0.00096014614	103.80289	103.78241	80000	3.7133697e-07	31028490.0	-0.019631056	-54144.0	0.9128196	0.015102017	0.123	76.0	14302.905940294266
20	63603.0	1282.9935	64622.0	61441.0	1000.0	108.91791	0.00065056805	108.918205	108.89901	84000	-2.579689e-07	34630256.0	-0.013321951	-60344.0	0.91081625	0.0153258685	0.097	21.0	14970.0796687603
21	64209.25	1914.2184	66412.0	61140.0	1000.0	114.27778	0.0007255071	114.278046	114.25993	88000	-1.8465519e-07	36154828.0	-0.022716735	-62892.0	0.9107273	0.015004962	0.13275	59.0	15622.799686431885
22	61244.25	5519.0513	64711.0	51700.0	1000.0	119.74925	0.00068313396	119.749535	119.73251	92000	6.222725e-08	33903748.0	-0.011085617	-58172.0	0.90833205	0.015475105	0.144	10.0	16338.773741006851
23	60728.0	4607.009	68345.0	55951.0	1000.0	125.02129	0.0005057263	125.021576	125.011154	96000	1.0538102e-07	32994982.0	-0.009221606	-56410.0	0.9067731	0.015161908	0.0905	13.0	16927.40536379814
24	54545.5	5942.7856	62525.0	47791.0	1000.0	130.20438	0.00053925446	130.20468	130.1949	100000	2.1171572e-07	24493986.0	-0.010985467	-43118.0	0.9046207	0.015070432	0.11475	18.0	17894.4470410347
25	61142.0	8557.059	67473.0	46424.0	1000.0	134.7859	0.00041325658	134.78612	134.77692	104000	-1.9049645e-07	32516468.0	-0.021194275	-55138.0	0.90420717	0.01406938	0.14375	79.0	18927.52811551094
26	59319.5	6980.7114	64475.0	47360.0	1000.0	139.90073	0.00038195984	139.90096	139.8924	108000	5.9604645e-08	30451210.0	-0.017844608	-52920.0	0.9128833	0.0150240855	0.1395	46.0	20067.093555927277
27	57054.75	7227.231	64522.0	46615.0	1000.0	144.95975	0.0003764702	144.95999	144.95172	112000	-2.2363663e-07	28059936.0	-0.0131950695	-49102.0	0.9110285	0.015291077	0.1085	21.0	25436.265703201294
28	57629.5	5741.694	64363.0	50011.0	1000.0	149.8461	0.0003546941	149.84631	149.83849	116000	-1.2636185e-07	28093880.0	-0.017278483	-49230.0	0.91186184	0.015219376	0.11975	30.0	26067.169181108475
29	60705.0	9475.835	72542.0	46470.0	1000.0	154.74043	0.00032457736	154.7406	154.73318	120000	2.6369096e-07	31937132.0	-0.010395925	-55088.0	0.91465163	0.01553834	0.09075	17.0	26619.926341295242
30	56125.75	7427.4824	67585.0	47404.0	1000.0	159.90822	0.00030391107	159.90842	159.90138	124000	4.768372e-09	27038634.0	-0.013974742	-47800.0	0.9159803	0.015019595	0.12275	58.0	27180.7880089283
31	62518.5	4039.5723	68904.0	58252.0	1000.0	164.7672	0.0002966741	164.76738	164.76114	128000	2.2614003e-07	32540128.0	-0.014569302	-57062.0	0.90538824	0.015041974	0.10525	45.0	27794.960520744324
32	58548.25	6416.254	64515.0	48023.0	1000.0	170.02979	0.00031419733	170.02997	170.02545	132000	-7.510186e-08	29657474.0	-0.015007023	-52076.0	0.9001043	0.015111801	0.1185	32.0	28257.002076148987
33	61584.25	3021.5674	64612.0	58352.0	1000.0	175.1	0.0002554797	175.10013	175.09589	136000	-1.525879e-07	34129696.0	-0.010150747	-60340.0	0.8952563	0.015155908	0.11225	13.0	28729.815992355347
34	59789.75	5303.712	64574.0	51672.0	1000.0	180.51408	0.0002455806	180.51422	180.51021	140000	-3.3318997e-08	32181532.0	-0.019044144	-56952.0	0.89338243	0.015023067	0.12225	55.0	29217.779443264008
35	58776.5	7337.1064	64442.0	46511.0	1000.0	185.80008	0.00023382557	185.80022	185.7964	144000	-2.48909e-07	29875672.0	-0.01016506	-52462.0	0.90017545	0.015100566	0.14925	10.0	29668.418687820435
36	65029.5	1459.5647	67413.0	63442.0	1000.0	190.87738	0.00017688879	190.8775	190.87564	148000	-2.7847292e-07	35573736.0	-0.01989454	-62888.0	0.8994111	0.014877202	0.123	79.0	30104.248275518417
37	60402.5	4948.4907	65823.0	54723.0	1000.0	196.38812	0.00017508888	196.38828	196.38776	152000	-2.1970273e-07	31082522.0	-0.016205845	-55108.0	0.9137791	0.015140817	0.13025	54.0	30532.02166891098
38	62786.25	2252.89	64884.0	59336.0	1000.0	201.58969	0.00017240322	201.58977	201.5881	156000	1.3136864e-07	33872616.0	-0.017445052	-59400.0	0.9118488	0.015211389	0.12325	47.0	30967.847970724106
39	61876.5	4739.6597	64933.0	53692.0	1000.0	206.95029	0.00015572527	206.9504	206.94899	160000	8.3684924e-08	32893068.0	-0.018202972	-57842.0	0.91382784	0.015433467	0.1265	31.0	31435.871159791946
40	55257.5	4234.6646	59464.0	50096.0	1000.0	212.25179	0.00016954208	212.25189	212.25081	164000	-1.4305115e-08	25710136.0	-0.010624883	-45300.0	0.9123986	0.015489341	0.124	14.0	31902.306213617325
41	60611.0	4704.2354	64814.0	53147.0	1000.0	216.984	0.00015219352	216.98407	216.98294	168000	-1.2469292e-07	31705792.0	-0.013496298	-55826.0	0.9127591	0.015491082	0.07825	18.0	32398.599814414978
42	61581.25	4214.3057	64905.0	54577.0	1000.0	222.174	0.00013035284	222.17409	222.17336	172000	2.961159e-07	32129696.0	-0.013732607	-56414.0	0.9130797	0.01527801	0.1125	19.0	32858.369020462036
43	55457.0	9858.14	72206.0	48111.0	1000.0	227.42163	0.00012736382	227.42174	227.42105	176000	-9.536744e-09	25512678.0	-0.011439893	-45552.0	0.913795	0.015076534	0.11675	23.0	33348.57792067528
44	58164.75	7304.212	64893.0	45908.0	1000.0	232.17738	0.0001180418	232.17744	232.17677	180000	-1.4257432e-07	28250932.0	-0.017672021	-49484.0	0.91129446	0.015070933	0.1275	71.0	33845.456778764725
45	59463.5	6020.4463	66042.0	52104.0	1000.0	237.10193	0.00010182798	237.10197	237.10136	184000	2.7340653e-07	30073852.0	-0.017728986	-52820.0	0.9075091	0.012404869	0.13625	79.0	34325.676451683044
46	60608.25	2576.8186	64719.0	57756.0	1000.0	242.20105	0.000105968145	242.20108	242.20042	188000	-1.7786027e-07	30709556.0	-0.019662686	-54624.0	0.9012157	0.015075516	0.1165	45.0	34868.11979484558
47	61100.25	6614.903	65147.0	49646.0	1000.0	247.39235	9.1705515e-05	247.39243	247.39178	192000	-3.8146975e-08	31489382.0	-0.010151929	-56264.0	0.905924	0.016097255	0.1075	12.0	35368.43766617775
48	53398.0	7458.7793	65009.0	45483.0	1000.0	252.6595	8.9215e-05	252.65956	252.65904	196000	1.9931794e-07	23711792.0	-0.020096516	-42826.0	0.9087432	0.014499882	0.14875	79.0	35889.097443819046
49	56240.5	8424.683	66286.0	46703.0	1000.0	257.30908	9.078018e-05	257.30917	257.3087	200000	-2.0849706e-07	25907074.0	-0.014552069	-46018.0	0.9019926	0.015822915	0.163	19.0	36414.802431344986
