Epoch	AverageEpRet	StdEpRet	AverageTestEpRet	StdTestEpRet	EpLen	TestEpLen	TotalEnvInteracts	AvgEnergyBought	AvgEnergySold	AvgPriceBought	AverageQVals	StdQVals	LossPi	LossQ	Time
1	21510.973	6075.668	39345.832	5783.167	1000.0	1000.0	3999	[35.07971268]	[0.14733275]	19.0	224.20505	285.78232	-248.75175	7330.618	357.1645448207855
2	25427.668	3163.026	36135.793	10011.589	1000.0	1000.0	7999	[23.71919206]	0.0	19.0	1668.7858	973.6099	-1780.2777	96640.53	719.2313170433044
3	29943.047	8031.6567	30349.863	9387.147	1000.0	1000.0	11999	[26.3958038]	0.0	19.0	3546.3252	577.5561	-3605.783	74995.08	1081.4752776622772
4	40876.297	5437.396	40508.26	4678.6675	1000.0	1000.0	15999	[23.75768047]	0.0	19.0	3848.969	136.55034	-3863.133	6179.8506	1436.2111909389496
5	37471.062	5081.775	44901.273	8830.232	1000.0	1000.0	19999	[25.86259851]	0.0	19.0	3932.664	137.52321	-3945.6716	6229.6626	1796.8247756958008
6	49153.137	4801.419	-3362.7664	3633.0051	1000.0	1000.0	23999	[36.33276464]	0.0	19.0	4047.7148	136.74829	-4063.012	6836.181	2166.5139377117157
7	44718.97	8723.122	56132.492	5893.1343	1000.0	1000.0	27999	[22.81264231]	0.0	19.0	4209.8486	148.35966	-4222.308	8142.209	2516.568925857544
8	49499.414	6439.4805	52808.23	7567.72	1000.0	1000.0	31999	[23.35997521]	0.0	19.0	4303.565	159.20984	-4311.883	8675.036	2875.963272333145
9	56222.82	5026.32	52283.42	7040.6606	1000.0	1000.0	35999	[23.98636409]	0.0	19.0	4377.0776	171.79218	-4384.951	9144.648	3232.0841252803802
10	52163.84	4010.5251	54100.195	8445.116	1000.0	1000.0	39999	[22.50937939]	0.0	19.0	4434.1714	178.66925	-4438.9653	9357.406	3588.1557834148407
11	44190.754	4008.023	42045.18	5624.538	1000.0	1000.0	43999	[21.80918145]	0.0	19.0	4499.7974	176.19115	-4504.934	8851.477	3945.8279283046722
12	49434.656	7157.562	42310.465	5834.4185	1000.0	1000.0	47999	[21.47727746]	0.0	19.0	4514.2495	179.46567	-4517.1777	8937.861	4299.126481771469
13	54325.523	6700.55	48712.133	6357.462	1000.0	1000.0	51999	[21.35449524]	0.0	19.0	4567.9453	182.2769	-4574.806	8807.837	4654.366679430008
14	47523.906	3253.7039	48335.43	6030.0815	1000.0	1000.0	55999	[24.52068645]	0.0	19.0	4652.3145	175.47229	-4655.625	8091.0137	5008.776029586792
15	46944.188	9421.117	38142.336	2366.4102	1000.0	1000.0	59999	[16.56264695]	0.0	19.0	4616.5986	182.25378	-4616.2925	8008.513	5359.531072616577
16	42948.652	3709.9104	33908.453	3956.5032	1000.0	1000.0	63999	[29.07264718]	0.0	19.0	4524.833	194.01178	-4518.163	8807.766	5707.87789940834
17	27512.996	1387.859	42832.152	4513.417	1000.0	1000.0	67999	[21.50542383]	0.0	19.0	4372.1772	194.56573	-4365.484	8492.668	6062.656188011169
18	41078.938	3286.2046	42855.02	5093.529	1000.0	1000.0	71999	[18.06796913]	0.0	19.0	4310.1045	176.95378	-4310.181	8231.838	6417.700013160706
19	41567.688	5195.075	44160.887	4202.782	1000.0	1000.0	75999	[36.53981536]	0.0	19.0	4317.91	156.59148	-4317.063	6418.9946	6772.460790395737
20	48261.25	6180.383	47157.383	6017.8457	1000.0	1000.0	79999	[18.10529441]	0.0	19.0	4384.3364	131.71767	-4394.438	4017.219	7130.836609363556
21	42347.883	5068.565	51817.562	7524.3403	1000.0	1000.0	83999	[15.50070271]	0.0	19.0	4574.6606	126.883156	-4586.8423	3599.0825	7491.746740579605
22	51037.418	7290.208	51595.35	8396.401	1000.0	1000.0	87999	[22.46350103]	0.0	19.0	4747.6377	123.60152	-4759.996	3438.4165	7841.022701501846
23	42957.36	3058.4739	47733.117	8288.502	1000.0	1000.0	91999	[20.06071184]	0.0	19.0	4885.1323	123.75596	-4897.452	3549.835	8202.224086046219
24	57838.582	5585.3594	51866.523	5819.8896	1000.0	1000.0	95999	[18.95270255]	0.0	19.0	5005.4497	136.95888	-5016.85	4415.609	8560.717886924744
25	47169.426	10887.091	52825.25	9261.366	1000.0	1000.0	99999	[22.50937939]	0.0	19.0	5093.4365	149.93796	-5102.69	5351.128	8916.379044055939
26	48609.035	5500.039	42571.734	5317.564	1000.0	1000.0	103999	[12.58315291]	0.0	19.0	5092.667	163.85692	-5101.862	6475.056	9271.55715084076
27	47004.47	3176.5637	41313.215	5293.1357	1000.0	1000.0	107999	[10.08570205]	0.0	19.0	5205.077	153.313	-5218.428	5963.1777	9624.953773260117
28	50807.85	6926.4653	49282.594	7113.23	1000.0	1000.0	111999	[29.13576966]	0.0	19.0	5323.789	168.219	-5342.332	6680.83	9983.940705299377
29	43912.105	6946.5967	55218.98	10654.181	1000.0	1000.0	115999	[20.88026665]	0.0	19.0	5456.123	162.85355	-5464.8496	6925.6445	10333.440099716187
30	41859.54	5900.4927	53976.22	8016.5854	1000.0	1000.0	119999	[17.81112025]	0.0	19.0	5437.872	159.21889	-5446.4844	6912.385	10685.574197769165
31	54770.996	5492.481	54654.562	10067.226	1000.0	1000.0	123999	[22.50937939]	0.0	19.0	5452.5293	156.95227	-5467.212	6481.67	11042.075477361679
32	47745.5	3723.667	44403.242	5153.357	1000.0	1000.0	127999	[19.49009773]	0.0	19.0	5510.96	151.74823	-5523.9766	5852.694	11399.00057554245
33	48690.516	6218.697	54603.805	11646.433	1000.0	1000.0	131999	[22.50177827]	0.0	19.0	5539.4062	145.87984	-5548.979	5166.977	11758.1067943573
34	49207.48	8369.905	55428.695	8641.187	1000.0	1000.0	135999	[22.50937939]	0.0	19.0	5508.4673	162.53528	-5518.4526	6569.851	12116.66945052147
35	52346.6	7245.5693	46931.926	9546.078	1000.0	1000.0	139999	[22.50937939]	0.0	19.0	5585.044	153.56735	-5600.765	5764.0874	12476.035222053528
36	43598.863	3854.8289	53611.05	8951.846	1000.0	1000.0	143999	[17.78940133]	0.0	19.0	5622.4414	163.62018	-5636.196	6465.265	12829.810992479324
37	53015.45	6326.2256	49023.57	8594.94	1000.0	1000.0	147999	[19.83777319]	0.0	19.0	5728.7393	149.48296	-5746.2534	5878.751	13188.341001033783
38	51834.766	12087.319	47206.312	10371.6	1000.0	1000.0	151999	[26.69661346]	0.0	19.0	5810.1255	146.25423	-5829.4805	5475.192	13549.809705734253
39	39239.594	4670.2075	54016.72	8975.169	1000.0	1000.0	155999	[22.50937939]	0.0	19.0	5908.845	146.63377	-5925.4243	5837.8267	13913.194906711578
40	54700.242	9148.311	54341.77	9948.564	1000.0	1000.0	159999	[22.50937939]	0.0	19.0	5977.6333	144.97287	-5995.786	5570.931	14280.867235183716
41	49234.492	4465.9688	42924.234	4457.3403	1000.0	1000.0	163999	[10.70858607]	0.0	19.0	6056.597	139.44247	-6073.886	5037.7095	14640.088841199875
42	44298.08	3135.4524	41758.55	4783.801	1000.0	1000.0	167999	[10.69934]	0.0	19.0	6001.4067	146.90158	-6008.538	4305.926	15004.509708404541
43	44110.97	3403.8303	41675.75	5568.8984	1000.0	1000.0	171999	[10.95283337]	0.0	19.0	5956.3394	161.56169	-5978.7515	6140.732	15367.31177520752
44	43770.586	5761.4556	39088.97	4708.214	1000.0	1000.0	175999	[10.90994645]	0.0	19.0	6164.1685	162.61887	-6185.715	6872.111	15725.030084133148
45	43867.836	3797.0955	42349.406	5585.6416	1000.0	1000.0	179999	[21.33423138]	0.0	19.0	6121.2734	138.30658	-6132.8687	4115.314	16079.476570606232
46	39773.438	5330.776	39625.555	6347.089	1000.0	1000.0	183999	[16.23280303]	0.0	19.0	6092.018	132.00877	-6109.759	4036.922	16428.346516370773
47	38618.066	6986.158	42392.438	5246.577	1000.0	1000.0	187999	[13.30402756]	0.0	19.0	6099.3574	139.30026	-6111.754	4111.412	16788.592477083206
48	41422.49	5153.49	39400.01	6870.733	1000.0	1000.0	191999	[19.68882615]	0.0	19.0	6036.824	125.66733	-6049.684	3545.914	17148.41353750229
49	38795.613	5776.0376	38577.32	5858.02	1000.0	1000.0	195999	[12.05811058]	0.0	19.0	5992.7456	120.588585	-6007.502	3475.3286	17668.63739514351
50	47588.2	785.2001	40524.95	6884.5376	1000.0	1000.0	199999	[10.46196112]	0.0	19.0	6015.877	123.15883	-6031.1895	3763.3457	18034.243009328842
