Epoch	AverageEpRet	StdEpRet	AverageTestEpRet	StdTestEpRet	EpLen	TestEpLen	TotalEnvInteracts	AvgEnergyBought	AvgEnergySold	AvgPriceBought	AverageQVals	StdQVals	LossPi	LossQ	Time
1	22913.496	1626.8955	36380.0	1423.9382	1000.0	1000.0	3999	0.0	0.0	19.0	1999.8145	1711.0172	-2431.9556	31230.502	349.66417694091797
2	20041.336	3038.9807	35230.0	1895.8112	1000.0	1000.0	7999	0.0	0.0	19.0	8787.307	1969.0933	-9267.14	500670.78	705.8956282138824
3	28619.062	8153.3843	35590.0	1612.1105	1000.0	1000.0	11999	0.0	0.0	19.0	60883.99	37962.715	-67982.13	6869799.0	1053.539734363556
4	35975.0	2496.372	36230.0	968.5556	1000.0	1000.0	15999	0.0	0.0	19.0	220840.02	49221.504	-231512.31	49979736.0	1395.9591856002808
5	36250.0	952.6279	35190.0	1660.3915	1000.0	1000.0	19999	0.0	0.0	19.0	363412.44	42294.598	-373418.72	104045030.0	1738.6910526752472
6	34100.0	2147.091	34790.0	1935.1744	1000.0	1000.0	23999	0.0	0.0	19.0	485975.97	45207.098	-497537.53	177499980.0	2082.663523197174
7	34475.0	1922.726	35360.0	1908.5073	1000.0	1000.0	27999	0.0	0.0	19.0	609966.75	44995.89	-621423.5	278686900.0	2427.560557126999
8	36400.0	692.8203	35960.0	1209.2974	1000.0	1000.0	31999	0.0	0.0	19.0	704745.6	166128.25	-713377.1	3568300800.0	2771.1375448703766
9	34350.0	2451.0203	35310.0	1909.6858	1000.0	1000.0	35999	0.0	0.0	19.0	320175.34	426995.34	-272051.88	18209325000.0	3114.5004601478577
10	33550.0	1892.7493	35450.0	2038.259	1000.0	1000.0	39999	0.0	0.0	19.0	-170382.83	244969.62	172715.33	13204800000.0	3460.4312069416046
11	36700.0	173.20508	35440.0	1900.1052	1000.0	1000.0	43999	0.0	0.0	19.0	-76751.445	115835.6	70609.77	3597741800.0	3805.957121372223
12	36550.0	634.4289	35590.0	1202.0399	1000.0	1000.0	47999	0.0	0.0	19.0	-196926.05	177862.69	220104.67	5732013600.0	4151.024488925934
13	37100.0	308.2207	35110.0	1934.1406	1000.0	1000.0	51999	0.0	0.0	19.0	-460075.06	152030.17	471270.47	8986320000.0	4495.387270450592
14	35625.0	2035.1597	35200.0	1788.8544	1000.0	1000.0	55999	0.0	0.0	19.0	-638008.25	180835.53	655421.6	12376513000.0	4842.519098520279
15	35475.0	2026.5426	35420.0	1683.3301	1000.0	1000.0	59999	0.0	0.0	19.0	-606497.3	221474.86	600517.5	11603542000.0	5187.893798112869
16	35700.0	1347.2194	35680.0	1632.6665	1000.0	1000.0	63999	0.0	0.0	19.0	-371890.75	292240.62	358954.28	14389017000.0	5533.837807178497
17	36925.0	476.31396	35440.0	1791.2007	1000.0	1000.0	67999	0.0	0.0	19.0	-53703.586	289725.28	44541.71	15008088000.0	5875.41265463829
18	35675.0	1310.2958	36090.0	1528.038	1000.0	1000.0	71999	0.0	0.0	19.0	-14540.848	414519.16	21260.436	28224465000.0	6217.303069353104
19	35625.0	1914.9086	35260.0	1461.643	1000.0	1000.0	75999	0.0	0.0	19.0	54227.785	407996.47	-66953.625	40060244000.0	6559.334162473679
20	35150.0	1045.2273	35960.0	1682.3793	1000.0	1000.0	79999	0.0	0.0	19.0	130288.08	580103.4	-121414.914	90607640000.0	6900.335036039352
21	35725.0	657.172	35400.0	1606.2378	1000.0	1000.0	83999	0.0	0.0	19.0	177423.84	808006.2	-178551.5	211911460000.0	7244.247267246246
22	35700.0	2398.958	34770.0	1664.9624	1000.0	1000.0	87999	0.0	0.0	19.0	-41088.574	1005372.3	50538.344	355244930000.0	7585.795954465866
23	34125.0	2119.4043	35850.0	1522.0052	1000.0	1000.0	91999	0.0	0.0	19.0	221820.3	1172509.0	-216575.42	447001600000.0	7929.111036777496
24	36575.0	878.56415	35750.0	1497.4979	1000.0	1000.0	95999	0.0	0.0	19.0	137834.19	1528536.4	-172511.97	777707260000.0	8271.438631296158
25	36725.0	129.90381	35130.0	1527.1215	1000.0	1000.0	99999	0.0	0.0	19.0	23163.535	2034950.0	13655.192	1232282800000.0	8612.170273780823
26	35725.0	1437.6631	36480.0	896.4374	1000.0	1000.0	103999	0.0	0.0	19.0	-285525.38	2093279.6	275580.5	1310222000000.0	8953.66087937355
27	36450.0	852.9361	34840.0	2068.9128	1000.0	1000.0	107999	0.0	0.0	19.0	323947.47	1597797.8	-345527.3	1254873800000.0	9295.09258556366
28	33725.0	1847.1261	35450.0	1245.9935	1000.0	1000.0	111999	0.0	0.0	19.0	628848.44	1877599.4	-649483.5	1897173200000.0	9637.918473005295
29	35575.0	2242.0693	35660.0	1992.0844	1000.0	1000.0	115999	0.0	0.0	19.0	-1978037.9	5307218.0	2356130.8	4738864600000.0	9981.239536523819
30	35600.0	1435.27	35580.0	2025.7344	1000.0	1000.0	119999	0.0	0.0	19.0	-14875000.0	21403038.0	16304318.0	58567315000000.0	10323.451686143875
31	35150.0	1792.3448	35810.0	1477.464	1000.0	1000.0	123999	0.0	0.0	19.0	-24911120.0	34865676.0	24498266.0	185344720000000.0	10666.890490293503
32	35525.0	1728.2578	34760.0	1770.4237	1000.0	1000.0	127999	0.0	0.0	19.0	-5017652.0	28956752.0	3302919.8	148366370000000.0	11009.782872915268
33	35075.0	1768.2972	36020.0	1097.9982	1000.0	1000.0	131999	0.0	0.0	19.0	9508177.0	18151294.0	-9350441.0	84099490000000.0	11356.69475030899
34	36025.0	1342.3394	34800.0	1933.908	1000.0	1000.0	135999	0.0	0.0	19.0	6935733.0	15324125.0	-7029710.5	66346800000000.0	11699.670875549316
35	35950.0	1201.0413	35820.0	1458.6295	1000.0	1000.0	139999	0.0	0.0	19.0	4627280.0	13165461.0	-3657025.0	39068226000000.0	12051.692835330963
36	34250.0	2320.0215	35250.0	1341.8271	1000.0	1000.0	143999	0.0	0.0	19.0	-4709564.5	10670458.0	4543443.0	32692222000000.0	12396.069632530212
37	35675.0	1475.4237	36120.0	1530.8821	1000.0	1000.0	147999	0.0	0.0	19.0	-995359.8	11125370.0	783511.1	34383002000000.0	12738.400633096695
38	34925.0	1968.9781	36080.0	1297.5361	1000.0	1000.0	151999	0.0	0.0	19.0	518255.94	11554627.0	-847076.25	33320098000000.0	13083.035816669464
39	35950.0	1589.8113	35560.0	1705.4032	1000.0	1000.0	155999	0.0	0.0	19.0	5679670.0	12525213.0	-5968713.5	41712840000000.0	13432.22078371048
40	36650.0	259.80762	36380.0	1036.1467	1000.0	1000.0	159999	0.0	0.0	19.0	4210673.5	10618456.0	-3823107.2	45401458000000.0	13775.477474451065
41	35875.0	1544.9514	35560.0	1569.8407	1000.0	1000.0	163999	0.0	0.0	19.0	1983454.8	10947387.0	-2190683.5	48620577000000.0	14125.015397310257
42	34800.0	2172.5562	36250.0	1023.9629	1000.0	1000.0	167999	0.0	0.0	19.0	768398.06	9420004.0	-357039.62	49294355000000.0	14474.271493673325
43	35525.0	1409.5656	35570.0	1747.5984	1000.0	1000.0	171999	0.0	0.0	19.0	-1726646.6	9741277.0	1657225.6	53876980000000.0	14819.769534111023
44	35575.0	2064.431	35310.0	1869.4652	1000.0	1000.0	175999	0.0	0.0	19.0	459231.88	10994100.0	-439380.78	57590675000000.0	15162.791623592377
